.04320000	-1.1656	0.0003	1.218	0.002	-2.384	0.002	0.056	0.653	0.000030
.04323000	-1.1656	0.0003	1.228	0.002	-2.393	0.002	0.055	0.653	0.000030
.04326000	-1.1656	0.0003	1.224	0.002	-2.390	0.002	0.055	0.653	0.000030
.04329000	-1.1654	0.0003	1.222	0.002	-2.387	0.002	0.057	0.654	0.000030
.04332000	-1.1656	0.0003	1.230	0.002	-2.396	0.002	0.054	0.653	0.000030
.04335000	-1.1653	0.0003	1.231	0.002	-2.396	0.002	0.055	0.653	0.000030
.04338000	-1.1651	0.0003	1.224	0.002	-2.389	0.002	0.056	0.654	0.000030
.04341000	-1.1653	0.0003	1.224	0.002	-2.389	0.002	0.055	0.653	0.000030
.04344000	-1.1655	0.0003	1.226	0.002	-2.392	0.002	0.054	0.653	0.000030
.04347000	-1.1655	0.0003	1.222	0.002	-2.388	0.002	0.056	0.654	0.000030
.04350000	-1.1656	0.0003	1.224	0.002	-2.389	0.002	0.055	0.653	0.000030
.04353000	-1.1653	0.0003	1.228	0.002	-2.394	0.002	0.060	0.653	0.000030
.04356000	-1.1655	0.0003	1.224	0.002	-2.390	0.002	0.055	0.653	0.000030
.04359000	-1.1656	0.0003	1.225	0.002	-2.391	0.002	0.056	0.653	0.000030
.04362000	-1.1656	0.0003	1.230	0.002	-2.395	0.002	0.056	0.653	0.000030
.04365000	-1.1655	0.0003	1.226	0.002	-2.391	0.002	0.055	0.653	0.000030
.04368000	-1.1657	0.0003	1.223	0.002	-2.389	0.002	0.055	0.653	0.000030
.04371000	-1.1659	0.0003	1.223	0.002	-2.389	0.002	0.059	0.653	0.000030
.04374000	-1.1658	0.0003	1.221	0.002	-2.387	0.002	0.058	0.653	0.000030
.04377000	-1.1657	0.0003	1.226	0.002	-2.392	0.002	0.055	0.653	0.000030
.04380000	-1.1660	0.0003	1.219	0.002	-2.385	0.002	0.055	0.653	0.000030
.04383000	-1.1658	0.0003	1.220	0.002	-2.385	0.002	0.054	0.654	0.000030
.04386000	-1.1657	0.0003	1.225	0.002	-2.391	0.002	0.055	0.653	0.000030
.04389000	-1.1653	0.0003	1.224	0.002	-2.389	0.002	0.056	0.653	0.000030
.04392000	-1.1656	0.0003	1.222	0.002	-2.387	0.002	0.055	0.654	0.000030
.04395000	-1.1658	0.0003	1.225	0.002	-2.391	0.002	0.056	0.653	0.000030
.04398000	-1.1659	0.0003	1.224	0.002	-2.390	0.002	0.055	0.653	0.000030
.04401000	-1.1653	0.0003	1.225	0.002	-2.390	0.002	0.055	0.653	0.000030
.04404000	-1.1657	0.0003	1.224	0.002	-2.390	0.002	0.055	0.653	0.000030
.04407000	-1.1657	0.0003	1.225	0.002	-2.391	0.002	0.055	0.653	0.000030
.04410000	-1.1656	0.0003	1.222	0.002	-2.388	0.002	0.055	0.654	0.000030
.04413000	-1.1659	0.0003	1.224	0.002	-2.389	0.002	0.055	0.653	0.000030
.04416000	-1.1657	0.0003	1.227	0.002	-2.393	0.002	0.055	0.653	0.000030
.04419000	-1.1659	0.0003	1.222	0.002	-2.388	0.002	0.056	0.653	0.000030
.04422000	-1.1657	0.0003	1.223	0.002	-2.389	0.002	0.055	0.654	0.000030
.04425000	-1.1659	0.0003	1.224	0.002	-2.390	0.002	0.054	0.653	0.000030
.04428000	-1.1658	0.0003	1.223	0.002	-2.389	0.002	0.055	0.654	0.000030
.04431000	-1.1659	0.0003	1.223	0.002	-2.389	0.002	0.055	0.653	0.000030
.04434000	-1.1659	0.0003	1.225	0.002	-2.391	0.002	0.055	0.653	0.000030
.04437000	-1.1657	0.0003	1.222	0.002	-2.388	0.002	0.054	0.653	0.000030
.04440000	-1.1660	0.0003	1.219	0.002	-2.385	0.002	0.055	0.653	0.000030
.04443000	-1.1658	0.0003	1.221	0.002	-2.387	0.002	0.054	0.653	0.000030
.04446000	-1.1657	0.0003	1.223	0.002	-2.389	0.002	0.054	0.654	0.000030
.04449000	-1.1659	0.0003	1.221	0.002	-2.387	0.002	0.055	0.653	0.000030
.04452000	-1.1658	0.0003	1.222	0.002	-2.388	0.002	0.053	0.654	0.000030
.04455000	-1.1659	0.0003	1.221	0.002	-2.387	0.002	0.054	0.654	0.000030
.04458000	-1.1660	0.0003	1.225	0.002	-2.391	0.002	0.053	0.653	0.000030
.04461000	-1.1660	0.0003	1.224	0.002	-2.390	0.002	0.055	0.653	0.000030
.04464000	-1.1659	0.0003	1.223	0.002	-2.389	0.002	0.055	0.654	0.000030
.04467000	-1.1659	0.0003	1.227	0.002	-2.393	0.002	0.054	0.653	0.000030
.04470000	-1.1658	0.0003	1.225	0.002	-2.391	0.002	0.054	0.654	0.000030
.04473000	-1.1658	0.0003	1.222	0.002	-2.388	0.002	0.054	0.653	0.000030
.04476000	-1.1659	0.0003	1.224	0.002	-2.390	0.002	0.055	0.653	0.000030
.04479000	-1.1659	0.0003	1.224	0.002	-2.390	0.002	0.053	0.654	0.000030
.04482000	-1.1660	0.0003	1.223	0.002	-2.389	0.002	0.056	0.653	0.000030
.04485000	-1.1661	0.0003	1.223	0.002	-2.389	0.002	0.053	0.653	0.000030
.04488000	-1.1662	0.0003	1.224	0.002	-2.390	0.002	0.054	0.653	0.000030
.04491000	-1.1662	0.0003	1.220	0.002	-2.386	0.002	0.053	0.654	0.000030
.04494000	-1.1660	0.0003	1.225	0.002	-2.391	0.002	0.053	0.653	0.000030
.04497000	-1.1662	0.0003	1.223	0.002	-2.389	0.002	0.053	0.653	0.000030
.04500000	-1.1663	0.0003	1.217	0.002	-2.383	0.002	0.052	0.654	0.000030
.04503000	-1.1660	0.0003	1.223	0.002	-2.389	0.002	0.053	0.653	0.000030
.04506000	-1.1662	0.0003	1.221	0.002	-2.387	0.002	0.055	0.654	0.000030
.04509000	-1.1663	0.0003	1.219	0.002	-2.385	0.002	0.052	0.654	0.000030
.04512000	-1.1660	0.0003	1.224	0.002	-2.390	0.002	0.054	0.653	0.000030
.04515000	-1.1664	0.0003	1.222	0.003	-2.389	0.003	0.054	0.654	0.000030
.04518000	-1.1662	0.0003	1.221	0.002	-2.387	0.002	0.052	0.654	0.000030
.04521000	-1.1663	0.0003	1.221	0.002	-2.388	0.002	0.052	0.654	0.000030
.04524000	-1.1660	0.0003	1.220	0.002	-2.386	0.002	0.056	0.654	0.000030
.04527000	-1.1664	0.0003	1.219	0.002	-2.385	0.002	0.053	0.654	0.000030
.04530000	-1.1659	0.0003	1.225	0.002	-2.391	0.002	0.060	0.653	0.000030
.04533000	-1.1663	0.0003	1.220	0.002	-2.386	0.002	0.053	0.654	0.000030
.04536000	-1.1663	0.0003	1.220	0.002	-2.387	0.002	0.054	0.654	0.000030
.04539000	-1.1660	0.0003	1.229	0.002	-2.395	0.002	0.052	0.653	0.000030
.04542000	-1.1663	0.0003	1.219	0.002	-2.385	0.002	0.055	0.654	0.000030
.04545000	-1.1660	0.0003	1.220	0.002	-2.386	0.002	0.052	0.654	0.000030
.04548000	-1.1661	0.0003	1.223	0.002	-2.389	0.002	0.052	0.653	0.000030
.04551000	-1.1662	0.0003	1.221	0.002	-2.387	0.002	0.053	0.654	0.000030
.04554000	-1.1664	0.0003	1.221	0.002	-2.387	0.002	0.053	0.654	0.000030
.04557000	-1.1662	0.0003	1.220	0.002	-2.387	0.002	0.053	0.653	0.000030
.04560000	-1.1664	0.0003	1.214	0.002	-2.380	0.002	0.054	0.654	0.000030
.04563000	-1.1662	0.0003	1.219	0.002	-2.385	0.002	0.053	0.654	0.000030
.04566000	-1.1663	0.0003	1.222	0.002	-2.389	0.002	0.055	0.653	0.000030
.04569000	-1.1662	0.0003	1.219	0.002	-2.385	0.002	0.052	0.654	0.000030
.04572000	-1.1664	0.0003	1.221	0.002	-2.388	0.002	0.053	0.653	0.000030
.04575000	-1.1664	0.0003	1.224	0.002	-2.390	0.002	0.052	0.653	0.000030
.04578000	-1.1662	0.0003	1.218	0.002	-2.384	0.002	0.052	0.654	0.000030
.04581000	-1.1661	0.0003	1.222	0.002	-2.388	0.002	0.051	0.654	0.000030
.04584000	-1.1663	0.0003	1.220	0.002	-2.386	0.002	0.052	0.654	0.000030
.04587000	-1.1664	0.0003	1.218	0.002	-2.384	0.002	0.053	0.654	0.000030
.04590000	-1.1665	0.0003	1.219	0.002	-2.385	0.002	0.052	0.654	0.000030
.04593000	-1.1664	0.0003	1.219	0.002	-2.385	0.002	0.052	0.654	0.000030
.04596000	-1.1662	0.0003	1.221	0.002	-2.387	0.002	0.056	0.654	0.000030
.04599000	-1.1665	0.0003	1.223	0.002	-2.389	0.002	0.051	0.653	0.000030
.04602000	-1.1661	0.0003	1.219	0.002	-2.385	0.002	0.052	0.654	0.000030
.04605000	-1.1665	0.0003	1.218	0.002	-2.385	0.002	0.052	0.654	0.000030
.04608000	-1.1663	0.0003	1.222	0.002	-2.389	0.002	0.052	0.654	0.000030
.04611000	-1.1665	0.0003	1.218	0.002	-2.384	0.002	0.053	0.654	0.000030
.04614000	-1.1663	0.0003	1.219	0.002	-2.385	0.002	0.051	0.654	0.000030
.04617000	-1.1663	0.0003	1.224	0.002	-2.390	0.002	0.052	0.654	0.000030
.04620000	-1.1669	0.0003	1.217	0.002	-2.383	0.002	0.053	0.654	0.000030
.04623000	-1.1663	0.0003	1.221	0.002	-2.388	0.002	0.054	0.654	0.000030
.04626000	-1.1664	0.0003	1.222	0.002	-2.389	0.002	0.051	0.654	0.000030
.04629000	-1.1664	0.0003	1.222	0.002	-2.388	0.002	0.053	0.654	0.000030
.04632000	-1.1663	0.0003	1.221	0.002	-2.388	0.002	0.051	0.654	0.000030
.04635000	-1.1665	0.0003	1.219	0.002	-2.386	0.002	0.053	0.654	0.000030
.04638000	-1.1665	0.0003	1.219	0.002	-2.385	0.002	0.051	0.654	0.000030
.04641000	-1.1666	0.0003	1.219	0.002	-2.386	0.002	0.050	0.654	0.000030
.04644000	-1.1666	0.0003	1.219	0.002	-2.385	0.002	0.051	0.654	0.000030
.04647000	-1.1661	0.0003	1.220	0.002	-2.386	0.002	0.050	0.654	0.000030
.04650000	-1.1667	0.0003	1.222	0.002	-2.388	0.002	0.052	0.654	0.000030
.04653000	-1.1665	0.0003	1.217	0.002	-2.383	0.002	0.051	0.654	0.000030
.04656000	-1.1666	0.0003	1.221	0.002	-2.388	0.002	0.056	0.654	0.000030
.04659000	-1.1666	0.0003	1.220	0.002	-2.387	0.002	0.051	0.654	0.000030
.04662000	-1.1663	0.0003	1.219	0.002	-2.385	0.002	0.052	0.654	0.000030
.04665000	-1.1663	0.0003	1.218	0.002	-2.384	0.002	0.051	0.654	0.000030
.04668000	-1.1665	0.0003	1.220	0.002	-2.386	0.002	0.051	0.654	0.000030
.04671000	-1.1663	0.0003	1.219	0.002	-2.385	0.002	0.051	0.654	0.000030
.04674000	-1.1664	0.0003	1.222	0.002	-2.388	0.002	0.053	0.654	0.000030
.04677000	-1.1665	0.0003	1.216	0.002	-2.383	0.002	0.051	0.654	0.000030
.04680000	-1.1669	0.0003	1.216	0.002	-2.383	0.002	0.050	0.654	0.000030
.04683000	-1.1665	0.0003	1.220	0.002	-2.387	0.002	0.050	0.654	0.000030
.04686000	-1.1666	0.0003	1.219	0.002	-2.386	0.002	0.051	0.654	0.000030
.04689000	-1.1665	0.0003	1.220	0.002	-2.387	0.002	0.050	0.654	0.000030
.04692000	-1.1664	0.0003	1.218	0.002	-2.385	0.002	0.050	0.654	0.000030
.04695000	-1.1666	0.0003	1.219	0.002	-2.385	0.002	0.050	0.654	0.000030
.04698000	-1.1667	0.0003	1.220	0.002	-2.386	0.002	0.052	0.654	0.000030
.04701000	-1.1670	0.0003	1.216	0.002	-2.383	0.002	0.050	0.654	0.000030
.04704000	-1.1667	0.0003	1.220	0.002	-2.387	0.002	0.049	0.654	0.000030
.04707000	-1.1668	0.0003	1.216	0.002	-2.383	0.002	0.050	0.654	0.000030
.04710000	-1.1667	0.0003	1.219	0.002	-2.385	0.002	0.050	0.654	0.000030
.04713000	-1.1667	0.0003	1.218	0.002	-2.385	0.002	0.052	0.654	0.000030
.04716000	-1.1666	0.0003	1.219	0.002	-2.386	0.002	0.052	0.654	0.000030
.04719000	-1.1669	0.0003	1.218	0.002	-2.385	0.002	0.052	0.654	0.000030
.04722000	-1.1670	0.0003	1.219	0.002	-2.386	0.002	0.050	0.654	0.000030
.04725000	-1.1666	0.0003	1.218	0.002	-2.385	0.002	0.050	0.654	0.000030
.04728000	-1.1668	0.0003	1.216	0.002	-2.383	0.002	0.051	0.654	0.000030
.04731000	-1.1666	0.0003	1.219	0.002	-2.386	0.002	0.050	0.654	0.000030
.04734000	-1.1669	0.0003	1.220	0.002	-2.387	0.002	0.049	0.654	0.000030
.04737000	-1.1667	0.0003	1.218	0.002	-2.384	0.002	0.050	0.654	0.000030
.04740000	-1.1668	0.0003	1.216	0.002	-2.383	0.002	0.051	0.654	0.000030
.04743000	-1.1669	0.0003	1.217	0.002	-2.384	0.002	0.051	0.654	0.000030
.04746000	-1.1670	0.0003	1.217	0.002	-2.384	0.002	0.050	0.654	0.000030
.04749000	-1.1668	0.0003	1.217	0.002	-2.383	0.002	0.049	0.654	0.000030
.04752000	-1.1668	0.0003	1.214	0.002	-2.381	0.002	0.051	0.654	0.000030
.04755000	-1.1671	0.0003	1.221	0.003	-2.388	0.003	0.054	0.654	0.000030
.04758000	-1.1668	0.0003	1.221	0.002	-2.387	0.002	0.049	0.654	0.000030
.04761000	-1.1669	0.0003	1.217	0.002	-2.384	0.002	0.051	0.654	0.000030
.04764000	-1.1671	0.0003	1.220	0.002	-2.387	0.002	0.050	0.654	0.000030
.04767000	-1.1667	0.0003	1.213	0.002	-2.380	0.002	0.052	0.654	0.000030
.04770000	-1.1670	0.0003	1.215	0.002	-2.382	0.002	0.050	0.654	0.000030
.04773000	-1.1669	0.0003	1.216	0.002	-2.383	0.002	0.049	0.654	0.000030
.04776000	-1.1669	0.0003	1.217	0.002	-2.384	0.002	0.051	0.654	0.000030
.04779000	-1.1668	0.0003	1.220	0.002	-2.386	0.002	0.053	0.654	0.000030
.04782000	-1.1669	0.0003	1.217	0.002	-2.384	0.002	0.050	0.654	0.000030
.04785000	-1.1667	0.0003	1.219	0.002	-2.385	0.002	0.049	0.654	0.000030
.04788000	-1.1667	0.0003	1.219	0.002	-2.385	0.002	0.050	0.654	0.000030
.04791000	-1.1669	0.0003	1.214	0.002	-2.381	0.002	0.049	0.654	0.000030
.04794000	-1.1670	0.0003	1.217	0.002	-2.384	0.002	0.049	0.654	0.000030
.04797000	-1.1667	0.0003	1.219	0.002	-2.385	0.002	0.049	0.654	0.000030
.04800000	-1.1669	0.0003	1.216	0.002	-2.383	0.002	0.049	0.654	0.000030
.04803000	-1.1673	0.0003	1.214	0.002	-2.381	0.002	0.048	0.654	0.000030
.04806000	-1.1669	0.0003	1.218	0.002	-2.385	0.002	0.050	0.654	0.000030
.04809000	-1.1668	0.0003	1.216	0.002	-2.383	0.002	0.050	0.654	0.000030
.04812000	-1.1670	0.0003	1.217	0.002	-2.384	0.002	0.049	0.654	0.000030
.04815000	-1.1667	0.0003	1.219	0.002	-2.386	0.002	0.049	0.654	0.000030
.04818000	-1.1671	0.0003	1.215	0.002	-2.382	0.002	0.050	0.655	0.000030
.04821000	-1.1670	0.0003	1.218	0.002	-2.385	0.002	0.047	0.653	0.000030
.04824000	-1.1670	0.0003	1.214	0.002	-2.381	0.002	0.050	0.655	0.000030
.04827000	-1.1669	0.0003	1.219	0.002	-2.386	0.002	0.048	0.654	0.000030
.04830000	-1.1670	0.0003	1.214	0.002	-2.381	0.002	0.051	0.655	0.000030
.04833000	-1.1669	0.0003	1.216	0.002	-2.383	0.002	0.048	0.654	0.000030
.04836000	-1.1671	0.0003	1.218	0.002	-2.386	0.002	0.048	0.654	0.000030
.04839000	-1.1672	0.0003	1.214	0.002	-2.381	0.002	0.049	0.654	0.000030
.04842000	-1.1668	0.0003	1.219	0.002	-2.386	0.002	0.048	0.654	0.000030
.04845000	-1.1670	0.0003	1.217	0.002	-2.384	0.002	0.049	0.654	0.000030
.04848000	-1.1670	0.0003	1.216	0.002	-2.383	0.002	0.049	0.654	0.000030
.04851000	-1.1671	0.0003	1.218	0.002	-2.385	0.002	0.048	0.654	0.000030
.04854000	-1.1671	0.0003	1.215	0.002	-2.382	0.002	0.052	0.655	0.000030
.04857000	-1.1671	0.0003	1.218	0.002	-2.385	0.002	0.051	0.654	0.000030
.04860000	-1.1671	0.0003	1.210	0.002	-2.377	0.002	0.048	0.655	0.000030
.04863000	-1.1670	0.0003	1.218	0.002	-2.385	0.002	0.049	0.654	0.000030
.04866000	-1.1671	0.0003	1.212	0.002	-2.379	0.002	0.048	0.654	0.000030
.04869000	-1.1673	0.0003	1.214	0.002	-2.381	0.002	0.048	0.655	0.000030
.04872000	-1.1670	0.0003	1.218	0.002	-2.385	0.002	0.048	0.654	0.000030
.04875000	-1.1668	0.0003	1.211	0.002	-2.378	0.002	0.049	0.655	0.000030
.04878000	-1.1670	0.0003	1.221	0.002	-2.388	0.002	0.047	0.654	0.000030
.04881000	-1.1671	0.0003	1.212	0.002	-2.379	0.002	0.049	0.655	0.000030
.04884000	-1.1671	0.0003	1.216	0.002	-2.384	0.002	0.048	0.654	0.000030
.04887000	-1.1673	0.0003	1.217	0.002	-2.385	0.002	0.048	0.654	0.000030
.04890000	-1.1671	0.0003	1.215	0.002	-2.382	0.002	0.048	0.654	0.000030
.04893000	-1.1672	0.0003	1.221	0.002	-2.388	0.002	0.048	0.654	0.000030
.04896000	-1.1670	0.0003	1.214	0.002	-2.381	0.002	0.049	0.655	0.000030
.04899000	-1.1674	0.0003	1.220	0.002	-2.387	0.002	0.048	0.654	0.000030
.04902000	-1.1670	0.0003	1.213	0.002	-2.380	0.002	0.048	0.655	0.000030
.04905000	-1.1671	0.0003	1.222	0.002	-2.389	0.002	0.047	0.654	0.000030
.04908000	-1.1669	0.0003	1.216	0.002	-2.383	0.002	0.051	0.655	0.000030
.04911000	-1.1674	0.0003	1.215	0.002	-2.383	0.002	0.047	0.654	0.000030
.04914000	-1.1672	0.0003	1.216	0.002	-2.384	0.002	0.047	0.654	0.000030
.04917000	-1.1673	0.0003	1.211	0.002	-2.378	0.002	0.047	0.655	0.000030
.04920000	-1.1674	0.0003	1.217	0.002	-2.384	0.002	0.048	0.654	0.000030
.04923000	-1.1672	0.0003	1.210	0.002	-2.377	0.002	0.047	0.655	0.000030
.04926000	-1.1671	0.0003	1.217	0.002	-2.384	0.002	0.047	0.654	0.000030
.04929000	-1.1671	0.0003	1.212	0.002	-2.379	0.002	0.048	0.655	0.000030
.04932000	-1.1671	0.0003	1.218	0.002	-2.385	0.002	0.047	0.654	0.000030
.04935000	-1.1672	0.0003	1.212	0.002	-2.379	0.002	0.048	0.655	0.000030
.04938000	-1.1671	0.0003	1.221	0.002	-2.388	0.002	0.046	0.654	0.000030
.04941000	-1.1672	0.0003	1.212	0.002	-2.379	0.002	0.048	0.655	0.000030
.04944000	-1.1674	0.0003	1.221	0.002	-2.389	0.002	0.049	0.654	0.000030
.04947000	-1.1673	0.0003	1.212	0.002	-2.379	0.002	0.048	0.655	0.000030
.04950000	-1.1673	0.0003	1.219	0.002	-2.386	0.002	0.047	0.654	0.000030
.04953000	-1.1672	0.0003	1.215	0.002	-2.382	0.002	0.048	0.655	0.000030
.04956000	-1.1675	0.0003	1.218	0.002	-2.385	0.002	0.047	0.654	0.000030
.04959000	-1.1673	0.0003	1.213	0.002	-2.381	0.002	0.046	0.654	0.000030
.04962000	-1.1675	0.0003	1.219	0.002	-2.387	0.002	0.047	0.654	0.000030
.04965000	-1.1674	0.0003	1.216	0.002	-2.383	0.002	0.048	0.654	0.000030
.04968000	-1.1674	0.0003	1.215	0.002	-2.382	0.002	0.047	0.654	0.000030
.04971000	-1.1674	0.0003	1.218	0.002	-2.386	0.002	0.047	0.654	0.000030
.04974000	-1.1676	0.0003	1.207	0.002	-2.375	0.002	0.047	0.655	0.000030
.04977000	-1.1672	0.0003	1.221	0.002	-2.388	0.002	0.046	0.654	0.000030
.04980000	-1.1676	0.0003	1.202	0.002	-2.369	0.002	0.048	0.655	0.000030
.04983000	-1.1674	0.0003	1.223	0.002	-2.390	0.002	0.046	0.654	0.000030
.04986000	-1.1673	0.0003	1.209	0.002	-2.376	0.002	0.048	0.655	0.000030
.04989000	-1.1674	0.0003	1.219	0.002	-2.387	0.002	0.046	0.654	0.000030
.04992000	-1.1678	0.0003	1.211	0.002	-2.379	0.002	0.047	0.655	0.000030
.04995000	-1.1674	0.0003	1.216	0.002	-2.383	0.002	0.048	0.654	0.000030
.04998000	-1.1674	0.0003	1.216	0.002	-2.384	0.002	0.047	0.654	0.000030
.05001000	-1.1676	0.0003	1.214	0.002	-2.382	0.002	0.046	0.654	0.000030
.05004000	-1.1674	0.0003	1.217	0.002	-2.385	0.002	0.046	0.654	0.000030
.05007000	-1.1677	0.0003	1.211	0.002	-2.379	0.002	0.047	0.655	0.000030
.05010000	-1.1675	0.0003	1.217	0.002	-2.384	0.002	0.046	0.654	0.000030
.05013000	-1.1675	0.0003	1.209	0.002	-2.376	0.002	0.047	0.655	0.000030
.05016000	-1.1674	0.0003	1.220	0.002	-2.388	0.002	0.046	0.653	0.000030
.05019000	-1.1675	0.0003	1.207	0.002	-2.374	0.002	0.047	0.655	0.000030
.05022000	-1.1675	0.0003	1.220	0.002	-2.387	0.002	0.046	0.653	0.000030
.05025000	-1.1676	0.0003	1.208	0.002	-2.375	0.002	0.049	0.655	0.000030
.05028000	-1.1673	0.0003	1.218	0.002	-2.385	0.002	0.045	0.654	0.000030
.05031000	-1.1676	0.0003	1.208	0.002	-2.375	0.002	0.047	0.655	0.000030
.05034000	-1.1675	0.0003	1.219	0.002	-2.386	0.002	0.047	0.654	0.000030
.05037000	-1.1674	0.0003	1.211	0.002	-2.379	0.002	0.047	0.655	0.000030
.05040000	-1.1677	0.0003	1.213	0.002	-2.381	0.002	0.045	0.654	0.000030
.05043000	-1.1675	0.0003	1.212	0.002	-2.380	0.002	0.045	0.655	0.000030
.05046000	-1.1676	0.0003	1.213	0.002	-2.381	0.002	0.046	0.654	0.000030
.05049000	-1.1676	0.0003	1.211	0.002	-2.378	0.002	0.046	0.655	0.000030
.05052000	-1.1673	0.0003	1.216	0.002	-2.383	0.002	0.046	0.654	0.000030
.05055000	-1.1674	0.0003	1.210	0.002	-2.378	0.002	0.047	0.655	0.000030
.05058000	-1.1676	0.0003	1.218	0.002	-2.385	0.002	0.045	0.654	0.000030
.05061000	-1.1676	0.0003	1.209	0.002	-2.376	0.002	0.047	0.655	0.000030
.05064000	-1.1674	0.0003	1.220	0.002	-2.388	0.002	0.044	0.654	0.000030
.05067000	-1.1675	0.0003	1.203	0.002	-2.371	0.002	0.048	0.656	0.000030
.05070000	-1.1675	0.0003	1.221	0.002	-2.388	0.002	0.045	0.654	0.000030
.05073000	-1.1676	0.0003	1.206	0.002	-2.373	0.002	0.046	0.655	0.000030
.05076000	-1.1675	0.0003	1.219	0.002	-2.386	0.002	0.047	0.654	0.000030
.05079000	-1.1676	0.0003	1.208	0.002	-2.376	0.002	0.046	0.655	0.000030
.05082000	-1.1676	0.0003	1.219	0.002	-2.387	0.002	0.045	0.653	0.000030
.05085000	-1.1673	0.0003	1.203	0.002	-2.371	0.002	0.046	0.656	0.000030
.05088000	-1.1673	0.0003	1.223	0.002	-2.390	0.002	0.045	0.653	0.000030
.05091000	-1.1676	0.0003	1.205	0.002	-2.373	0.002	0.045	0.655	0.000030
.05094000	-1.1675	0.0003	1.213	0.002	-2.381	0.002	0.045	0.655	0.000030
.05097000	-1.1679	0.0003	1.214	0.002	-2.382	0.002	0.045	0.654	0.000030
.05100000	-1.1679	0.0003	1.199	0.002	-2.367	0.002	0.049	0.656	0.000030
.05103000	-1.1674	0.0003	1.225	0.002	-2.392	0.002	0.045	0.653	0.000030
.05106000	-1.1676	0.0003	1.210	0.002	-2.378	0.002	0.046	0.655	0.000030
.05109000	-1.1678	0.0003	1.210	0.002	-2.378	0.002	0.046	0.655	0.000030
.05112000	-1.1676	0.0003	1.220	0.002	-2.388	0.002	0.043	0.654	0.000030
.05115000	-1.1677	0.0003	1.202	0.002	-2.370	0.002	0.047	0.656	0.000030
.05118000	-1.1678	0.0003	1.216	0.002	-2.384	0.002	0.043	0.654	0.000030
.05121000	-1.1677	0.0003	1.216	0.002	-2.383	0.002	0.044	0.654	0.000030
.05124000	-1.1675	0.0003	1.205	0.002	-2.372	0.002	0.046	0.656	0.000030
.05127000	-1.1677	0.0003	1.219	0.002	-2.387	0.002	0.044	0.653	0.000030
.05130000	-1.1677	0.0003	1.208	0.002	-2.375	0.002	0.044	0.655	0.000030
.05133000	-1.1679	0.0003	1.211	0.002	-2.379	0.002	0.046	0.655	0.000030
.05136000	-1.1678	0.0003	1.218	0.002	-2.386	0.002	0.044	0.654	0.000030
.05139000	-1.1677	0.0003	1.207	0.002	-2.375	0.002	0.046	0.656	0.000030
.05142000	-1.1677	0.0003	1.225	0.002	-2.393	0.002	0.044	0.653	0.000030
.05145000	-1.1677	0.0003	1.211	0.002	-2.379	0.002	0.045	0.655	0.000030
.05148000	-1.1675	0.0003	1.210	0.002	-2.378	0.002	0.045	0.655	0.000030
.05151000	-1.1676	0.0003	1.223	0.002	-2.390	0.002	0.043	0.653	0.000030
.05154000	-1.1677	0.0003	1.204	0.002	-2.372	0.002	0.046	0.656	0.000030
.05157000	-1.1678	0.0003	1.215	0.002	-2.383	0.002	0.043	0.654	0.000030
.05160000	-1.1677	0.0002	1.207	0.002	-2.375	0.002	0.045	0.655	0.000030
.05163000	-1.1678	0.0002	1.211	0.002	-2.379	0.002	0.045	0.655	0.000030
.05166000	-1.1678	0.0002	1.215	0.002	-2.383	0.002	0.044	0.654	0.000030
.05169000	-1.1678	0.0002	1.208	0.002	-2.376	0.002	0.047	0.655	0.000030
.05172000	-1.1676	0.0002	1.221	0.002	-2.389	0.002	0.043	0.653	0.000030
.05175000	-1.1675	0.0002	1.201	0.002	-2.368	0.002	0.045	0.656	0.000030
.05178000	-1.1678	0.0002	1.218	0.002	-2.386	0.002	0.044	0.654	0.000030
.05181000	-1.1679	0.0002	1.209	0.002	-2.377	0.002	0.044	0.655	0.000030
.05184000	-1.1678	0.0002	1.211	0.002	-2.379	0.002	0.045	0.655	0.000030
.05187000	-1.1679	0.0002	1.215	0.002	-2.383	0.002	0.044	0.654	0.000030
.05190000	-1.1678	0.0002	1.206	0.002	-2.374	0.002	0.046	0.656	0.000030
.05193000	-1.1676	0.0002	1.225	0.002	-2.392	0.002	0.044	0.653	0.000030
.05196000	-1.1678	0.0002	1.209	0.002	-2.377	0.002	0.044	0.655	0.000030
.05199000	-1.1681	0.0002	1.208	0.002	-2.376	0.002	0.044	0.655	0.000030
.05202000	-1.1678	0.0002	1.219	0.002	-2.387	0.002	0.043	0.653	0.000030
.05205000	-1.1679	0.0002	1.202	0.002	-2.369	0.002	0.046	0.656	0.000030
.05208000	-1.1679	0.0002	1.213	0.002	-2.381	0.002	0.043	0.654	0.000030
.05211000	-1.1679	0.0002	1.213	0.002	-2.381	0.002	0.043	0.654	0.000030
.05214000	-1.1679	0.0002	1.205	0.002	-2.373	0.002	0.045	0.656	0.000030
.05217000	-1.1678	0.0002	1.226	0.002	-2.394	0.002	0.044	0.653	0.000030
