Time	Energy	Error(E_L)	Kinetic	Error(KE)	Potential	Error(PE)	Variance	Acceptance	LR
.00000000	-1.0824	0.0018	1.542	0.005	-2.624	0.005	0.415	0.621	0.000100
.00010000	-1.0783	0.0018	1.549	0.005	-2.627	0.004	0.422	0.622	0.000100
.00020000	-1.0784	0.0018	1.550	0.005	-2.628	0.004	0.412	0.622	0.000100
.00030000	-1.0799	0.0018	1.552	0.005	-2.632	0.005	0.413	0.622	0.000100
.00040000	-1.0815	0.0017	1.548	0.005	-2.630	0.004	0.401	0.622	0.000100
.00050000	-1.0855	0.0018	1.537	0.005	-2.623	0.004	0.403	0.623	0.000100
.00060000	-1.0855	0.0017	1.536	0.005	-2.621	0.004	0.397	0.623	0.000100
.00070000	-1.0871	0.0017	1.535	0.005	-2.622	0.004	0.396	0.623	0.000100
.00080000	-1.0881	0.0017	1.535	0.005	-2.623	0.005	0.382	0.623	0.000100
.00090000	-1.0905	0.0017	1.532	0.005	-2.623	0.005	0.367	0.623	0.000100
.00100000	-1.0972	0.0017	1.497	0.005	-2.595	0.005	0.391	0.624	0.000100
.00110000	-1.0925	0.0017	1.500	0.005	-2.592	0.004	0.389	0.627	0.000100
.00120000	-1.0925	0.0018	1.508	0.005	-2.600	0.005	0.405	0.626	0.000100
.00130000	-1.0955	0.0016	1.512	0.005	-2.608	0.004	0.348	0.625	0.000100
.00140000	-1.0966	0.0017	1.510	0.005	-2.607	0.005	0.360	0.624	0.000100
.00150000	-1.0981	0.0016	1.506	0.005	-2.604	0.004	0.349	0.625	0.000100
.00160000	-1.0994	0.0016	1.502	0.005	-2.601	0.005	0.345	0.626	0.000100
.00170000	-1.0994	0.0016	1.492	0.005	-2.591	0.005	0.342	0.627	0.000100
.00180000	-1.1010	0.0016	1.476	0.005	-2.577	0.005	0.356	0.628	0.000100
.00190000	-1.1024	0.0016	1.485	0.005	-2.587	0.005	0.355	0.627	0.000100
.00200000	-1.1046	0.0015	1.486	0.005	-2.590	0.004	0.312	0.626	0.000100
.00210000	-1.1046	0.0016	1.480	0.005	-2.584	0.005	0.324	0.627	0.000100
.00220000	-1.1068	0.0016	1.465	0.005	-2.572	0.004	0.329	0.629	0.000100
.00230000	-1.1069	0.0016	1.466	0.005	-2.573	0.004	0.324	0.629	0.000100
.00240000	-1.1072	0.0016	1.452	0.005	-2.559	0.004	0.326	0.630	0.000100
.00250000	-1.1092	0.0016	1.459	0.005	-2.568	0.004	0.316	0.629	0.000100
.00260000	-1.1118	0.0015	1.464	0.005	-2.576	0.005	0.287	0.628	0.000100
.00270000	-1.1117	0.0014	1.452	0.005	-2.564	0.005	0.360	0.630	0.000100
.00280000	-1.1116	0.0012	1.433	0.004	-2.544	0.004	0.305	0.632	0.000100
.00290000	-1.1140	0.0012	1.440	0.004	-2.554	0.004	0.280	0.631	0.000100
.00300000	-1.1186	0.0014	1.418	0.005	-2.536	0.005	0.267	0.631	0.000100
.00310000	-1.1173	0.0015	1.423	0.005	-2.540	0.004	0.281	0.633	0.000100
.00320000	-1.1173	0.0014	1.433	0.005	-2.550	0.005	0.255	0.631	0.000100
.00330000	-1.1188	0.0014	1.420	0.005	-2.539	0.004	0.263	0.633	0.000100
.00340000	-1.1209	0.0014	1.418	0.005	-2.538	0.004	0.264	0.633	0.000100
.00350000	-1.1218	0.0016	1.417	0.005	-2.539	0.004	0.337	0.633	0.000100
.00360000	-1.1228	0.0014	1.412	0.005	-2.535	0.004	0.251	0.634	0.000100
.00370000	-1.1233	0.0013	1.420	0.005	-2.543	0.004	0.226	0.633	0.000100
.00380000	-1.1243	0.0013	1.410	0.005	-2.534	0.004	0.236	0.634	0.000100
.00390000	-1.1249	0.0016	1.399	0.005	-2.524	0.004	0.320	0.635	0.000100
.00400000	-1.1262	0.0013	1.404	0.005	-2.530	0.004	0.214	0.634	0.000100
.00410000	-1.1270	0.0013	1.396	0.005	-2.523	0.005	0.231	0.636	0.000100
.00420000	-1.1288	0.0013	1.402	0.005	-2.531	0.004	0.205	0.634	0.000100
.00430000	-1.1300	0.0013	1.389	0.005	-2.519	0.004	0.214	0.636	0.000100
.00440000	-1.1308	0.0013	1.370	0.004	-2.501	0.004	0.218	0.638	0.000100
.00450000	-1.1308	0.0012	1.393	0.005	-2.524	0.004	0.192	0.635	0.000100
.00460000	-1.1323	0.0012	1.385	0.005	-2.517	0.005	0.197	0.636	0.000100
.00470000	-1.1335	0.0010	1.361	0.004	-2.495	0.004	0.203	0.639	0.000100
.00480000	-1.1336	0.0010	1.375	0.004	-2.509	0.004	0.190	0.637	0.000100
.00490000	-1.1350	0.0010	1.372	0.004	-2.507	0.004	0.191	0.637	0.000100
.00500000	-1.1384	0.0012	1.339	0.005	-2.478	0.004	0.192	0.639	0.000100
.00510000	-1.1359	0.0012	1.332	0.005	-2.468	0.004	0.199	0.643	0.000100
.00520000	-1.1374	0.0012	1.354	0.005	-2.491	0.004	0.178	0.639	0.000100
.00530000	-1.1386	0.0011	1.369	0.005	-2.507	0.004	0.168	0.638	0.000100
.00540000	-1.1379	0.0011	1.350	0.004	-2.488	0.004	0.164	0.640	0.000100
.00550000	-1.1394	0.0012	1.324	0.004	-2.464	0.004	0.183	0.643	0.000100
.00560000	-1.1412	0.0011	1.352	0.005	-2.494	0.004	0.156	0.638	0.000100
.00570000	-1.1414	0.0011	1.345	0.005	-2.486	0.004	0.154	0.641	0.000100
.00580000	-1.1419	0.0011	1.328	0.004	-2.470	0.004	0.170	0.642	0.000100
.00590000	-1.1423	0.0011	1.319	0.004	-2.461	0.004	0.161	0.644	0.000100
.00600000	-1.1426	0.0010	1.351	0.005	-2.494	0.004	0.144	0.638	0.000100
.00610000	-1.1428	0.0010	1.338	0.005	-2.480	0.004	0.141	0.641	0.000100
.00620000	-1.1437	0.0011	1.307	0.004	-2.451	0.004	0.161	0.645	0.000100
.00630000	-1.1432	0.0011	1.338	0.005	-2.481	0.004	0.151	0.640	0.000100
.00640000	-1.1449	0.0010	1.334	0.005	-2.479	0.004	0.133	0.640	0.000100
.00650000	-1.1411	0.0012	1.300	0.004	-2.441	0.004	0.183	0.647	0.000100
.00660000	-1.1431	0.0011	1.302	0.004	-2.445	0.004	0.158	0.646	0.000100
.00670000	-1.1440	0.0008	1.341	0.004	-2.485	0.004	0.138	0.640	0.000100
.00680000	-1.1438	0.0008	1.347	0.004	-2.491	0.004	0.132	0.640	0.000100
.00690000	-1.1449	0.0008	1.318	0.004	-2.462	0.004	0.133	0.644	0.000100
.00700000	-1.1480	0.0010	1.300	0.005	-2.448	0.004	0.125	0.643	0.000100
.00710000	-1.1460	0.0010	1.313	0.004	-2.459	0.004	0.130	0.643	0.000100
.00720000	-1.1458	0.0010	1.297	0.004	-2.443	0.004	0.136	0.646	0.000100
.00730000	-1.1477	0.0010	1.306	0.004	-2.454	0.004	0.124	0.644	0.000100
.00740000	-1.1469	0.0009	1.337	0.005	-2.484	0.004	0.116	0.640	0.000100
.00750000	-1.1456	0.0009	1.330	0.005	-2.475	0.004	0.117	0.641	0.000100
.00760000	-1.1466	0.0010	1.296	0.004	-2.442	0.004	0.133	0.647	0.000100
.00770000	-1.1465	0.0010	1.299	0.004	-2.445	0.004	0.131	0.646	0.000100
.00780000	-1.1485	0.0009	1.325	0.005	-2.473	0.005	0.115	0.642	0.000100
.00790000	-1.1474	0.0010	1.319	0.005	-2.466	0.005	0.127	0.643	0.000100
.00800000	-1.1493	0.0009	1.309	0.005	-2.458	0.004	0.116	0.644	0.000100
.00810000	-1.1471	0.0010	1.307	0.005	-2.454	0.004	0.127	0.644	0.000100
.00820000	-1.1462	0.0010	1.305	0.005	-2.452	0.004	0.127	0.645	0.000100
.00830000	-1.1493	0.0010	1.291	0.004	-2.441	0.004	0.118	0.646	0.000100
.00840000	-1.1483	0.0009	1.326	0.005	-2.474	0.004	0.105	0.642	0.000100
.00850000	-1.1485	0.0009	1.329	0.005	-2.478	0.004	0.106	0.642	0.000100
.00860000	-1.1486	0.0009	1.289	0.004	-2.438	0.004	0.118	0.647	0.000100
.00870000	-1.1502	0.0008	1.289	0.004	-2.439	0.004	0.117	0.647	0.000100
.00880000	-1.1488	0.0007	1.319	0.004	-2.468	0.004	0.107	0.642	0.000100
.00890000	-1.1492	0.0007	1.322	0.004	-2.471	0.004	0.105	0.643	0.000100
.00900000	-1.1525	0.0009	1.282	0.005	-2.434	0.004	0.115	0.646	0.000100
.00910000	-1.1495	0.0009	1.296	0.004	-2.446	0.004	0.116	0.646	0.000100
.00920000	-1.1502	0.0009	1.290	0.005	-2.440	0.004	0.115	0.647	0.000100
.00930000	-1.1495	0.0009	1.296	0.004	-2.445	0.004	0.118	0.646	0.000100
.00940000	-1.1491	0.0009	1.324	0.005	-2.473	0.004	0.101	0.642	0.000100
.00950000	-1.1508	0.0009	1.329	0.005	-2.480	0.005	0.099	0.641	0.000100
.00960000	-1.1492	0.0009	1.284	0.004	-2.433	0.004	0.117	0.648	0.000100
.00970000	-1.1505	0.0010	1.264	0.004	-2.414	0.004	0.121	0.651	0.000100
.00980000	-1.1515	0.0009	1.310	0.005	-2.462	0.004	0.104	0.643	0.000100
.00990000	-1.1512	0.0009	1.324	0.005	-2.475	0.004	0.096	0.642	0.000100
.01000000	-1.1500	0.0009	1.280	0.004	-2.430	0.004	0.117	0.648	0.000100
.01010000	-1.1504	0.0009	1.283	0.004	-2.434	0.004	0.110	0.647	0.000100
.01020000	-1.1523	0.0009	1.309	0.005	-2.461	0.005	0.107	0.643	0.000100
.01030000	-1.1511	0.0009	1.293	0.005	-2.444	0.004	0.106	0.646	0.000100
.01040000	-1.1505	0.0009	1.294	0.004	-2.444	0.004	0.106	0.647	0.000100
.01050000	-1.1505	0.0009	1.317	0.005	-2.467	0.004	0.102	0.642	0.000100
.01060000	-1.1506	0.0009	1.308	0.005	-2.459	0.004	0.102	0.644	0.000100
.01070000	-1.1515	0.0008	1.268	0.004	-2.419	0.004	0.118	0.650	0.000100
.01080000	-1.1513	0.0007	1.286	0.004	-2.438	0.004	0.107	0.647	0.000100
.01090000	-1.1512	0.0007	1.321	0.004	-2.472	0.004	0.099	0.642	0.000100
.01100000	-1.1545	0.0009	1.286	0.005	-2.440	0.004	0.095	0.645	0.000100
.01110000	-1.1502	0.0010	1.248	0.004	-2.398	0.004	0.140	0.652	0.000100
.01120000	-1.1517	0.0010	1.254	0.004	-2.406	0.004	0.119	0.652	0.000100
.01130000	-1.1516	0.0009	1.313	0.005	-2.464	0.004	0.107	0.642	0.000100
.01140000	-1.1498	0.0009	1.335	0.005	-2.485	0.004	0.104	0.640	0.000100
.01150000	-1.1531	0.0008	1.302	0.005	-2.455	0.005	0.094	0.645	0.000100
.01160000	-1.1524	0.0010	1.256	0.005	-2.408	0.005	0.133	0.651	0.000100
.01170000	-1.1521	0.0009	1.281	0.004	-2.433	0.004	0.103	0.648	0.000100
.01180000	-1.1540	0.0008	1.291	0.005	-2.445	0.004	0.090	0.645	0.000100
.01190000	-1.1530	0.0008	1.290	0.004	-2.443	0.004	0.094	0.646	0.000100
.01200000	-1.1539	0.0008	1.296	0.005	-2.450	0.004	0.088	0.645	0.000100
.01210000	-1.1532	0.0009	1.272	0.004	-2.425	0.004	0.099	0.648	0.000100
.01220000	-1.1544	0.0009	1.261	0.004	-2.415	0.004	0.104	0.650	0.000100
.01230000	-1.1526	0.0008	1.302	0.005	-2.455	0.005	0.093	0.644	0.000100
.01240000	-1.1513	0.0008	1.334	0.005	-2.486	0.005	0.086	0.641	0.000100
.01250000	-1.1527	0.0008	1.312	0.005	-2.464	0.004	0.091	0.644	0.000100
.01260000	-1.1527	0.0009	1.289	0.005	-2.442	0.004	0.096	0.647	0.000100
.01270000	-1.1527	0.0007	1.264	0.004	-2.416	0.004	0.108	0.649	0.000100
.01280000	-1.1539	0.0007	1.258	0.004	-2.412	0.004	0.103	0.650	0.000100
.01290000	-1.1541	0.0007	1.278	0.004	-2.433	0.004	0.097	0.648	0.000100
.01300000	-1.1559	0.0008	1.304	0.005	-2.460	0.004	0.084	0.642	0.000100
.01310000	-1.1541	0.0008	1.302	0.005	-2.456	0.004	0.085	0.645	0.000100
.01320000	-1.1536	0.0009	1.246	0.004	-2.400	0.004	0.107	0.652	0.000100
.01330000	-1.1545	0.0010	1.257	0.004	-2.412	0.005	0.125	0.650	0.000100
.01340000	-1.1554	0.0008	1.305	0.005	-2.460	0.005	0.088	0.643	0.000100
.01350000	-1.1530	0.0009	1.292	0.004	-2.445	0.004	0.095	0.646	0.000100
.01360000	-1.1554	0.0008	1.288	0.005	-2.444	0.004	0.086	0.646	0.000100
.01370000	-1.1508	0.0010	1.280	0.005	-2.430	0.004	0.121	0.647	0.000100
.01380000	-1.1507	0.0010	1.256	0.005	-2.407	0.005	0.131	0.650	0.000100
.01390000	-1.1541	0.0009	1.232	0.004	-2.386	0.004	0.118	0.654	0.000100
.01400000	-1.1555	0.0008	1.287	0.005	-2.443	0.004	0.089	0.647	0.000100
.01410000	-1.1530	0.0008	1.344	0.005	-2.497	0.005	0.086	0.638	0.000100
.01420000	-1.1541	0.0008	1.330	0.005	-2.484	0.004	0.083	0.641	0.000100
.01430000	-1.1549	0.0009	1.249	0.004	-2.403	0.004	0.104	0.652	0.000100
.01440000	-1.1545	0.0009	1.227	0.004	-2.381	0.004	0.105	0.654	0.000100
.01450000	-1.1535	0.0009	1.286	0.005	-2.439	0.004	0.100	0.645	0.000100
.01460000	-1.1550	0.0008	1.307	0.005	-2.462	0.005	0.085	0.644	0.000100
.01470000	-1.1536	0.0007	1.273	0.004	-2.426	0.004	0.105	0.650	0.000100
.01480000	-1.1537	0.0007	1.273	0.004	-2.426	0.004	0.097	0.649	0.000100
.01490000	-1.1553	0.0006	1.309	0.004	-2.464	0.004	0.081	0.643	0.000100
.01500000	-1.1564	0.0006	1.286	0.003	-2.443	0.003	0.089	0.645	0.000100
.01510000	-1.1538	0.0006	1.236	0.003	-2.390	0.003	0.107	0.654	0.000100
.01520000	-1.1558	0.0006	1.238	0.003	-2.394	0.003	0.102	0.653	0.000100
.01530000	-1.1546	0.0006	1.310	0.003	-2.465	0.003	0.089	0.643	0.000100
.01540000	-1.1541	0.0006	1.328	0.003	-2.482	0.003	0.082	0.641	0.000100
.01550000	-1.1553	0.0006	1.285	0.003	-2.440	0.003	0.085	0.648	0.000100
.01560000	-1.1558	0.0006	1.259	0.003	-2.415	0.003	0.091	0.651	0.000100
.01570000	-1.1538	0.0006	1.288	0.003	-2.442	0.003	0.098	0.646	0.000100
.01580000	-1.1548	0.0006	1.290	0.003	-2.445	0.003	0.094	0.645	0.000100
.01590000	-1.1552	0.0006	1.265	0.003	-2.420	0.003	0.097	0.650	0.000100
.01600000	-1.1554	0.0005	1.274	0.003	-2.429	0.003	0.092	0.648	0.000100
.01610000	-1.1548	0.0005	1.315	0.003	-2.469	0.003	0.079	0.643	0.000100
.01620000	-1.1557	0.0005	1.297	0.003	-2.453	0.003	0.083	0.645	0.000100
.01630000	-1.1550	0.0005	1.241	0.003	-2.396	0.003	0.098	0.653	0.000100
.01640000	-1.1550	0.0005	1.245	0.003	-2.400	0.003	0.098	0.653	0.000100
.01650000	-1.1564	0.0005	1.296	0.003	-2.453	0.003	0.083	0.645	0.000100
.01660000	-1.1561	0.0005	1.305	0.003	-2.461	0.003	0.077	0.643	0.000100
.01670000	-1.1553	0.0005	1.257	0.003	-2.412	0.003	0.095	0.651	0.000100
.01680000	-1.1557	0.0005	1.257	0.003	-2.412	0.003	0.095	0.651	0.000100
.01690000	-1.1554	0.0005	1.289	0.003	-2.445	0.003	0.087	0.645	0.000100
.01700000	-1.1569	0.0005	1.290	0.003	-2.447	0.003	0.085	0.645	0.000100
.01710000	-1.1557	0.0005	1.261	0.003	-2.417	0.003	0.088	0.650	0.000100
.01720000	-1.1569	0.0005	1.259	0.003	-2.416	0.003	0.085	0.650	0.000100
.01730000	-1.1555	0.0005	1.304	0.003	-2.459	0.003	0.086	0.643	0.000100
.01740000	-1.1547	0.0005	1.297	0.003	-2.452	0.003	0.087	0.645	0.000100
.01750000	-1.1567	0.0005	1.256	0.003	-2.412	0.003	0.087	0.651	0.000100
.01760000	-1.1568	0.0005	1.262	0.003	-2.419	0.003	0.085	0.650	0.000100
.01770000	-1.1557	0.0005	1.302	0.003	-2.457	0.003	0.083	0.644	0.000100
.01780000	-1.1557	0.0005	1.302	0.003	-2.457	0.003	0.083	0.644	0.000100
.01790000	-1.1567	0.0005	1.253	0.003	-2.410	0.003	0.086	0.651	0.000100
.01800000	-1.1570	0.0005	1.253	0.003	-2.410	0.003	0.086	0.651	0.000100
.01810000	-1.1561	0.0005	1.296	0.003	-2.452	0.003	0.083	0.644	0.000100
.01820000	-1.1557	0.0005	1.301	0.003	-2.457	0.003	0.082	0.644	0.000100
.01830000	-1.1570	0.0005	1.258	0.003	-2.415	0.003	0.095	0.651	0.000100
.01840000	-1.1569	0.0004	1.253	0.002	-2.410	0.002	0.086	0.651	0.000100
.01850000	-1.1559	0.0004	1.297	0.003	-2.453	0.002	0.084	0.645	0.000100
.01860000	-1.1568	0.0004	1.292	0.003	-2.449	0.002	0.082	0.645	0.000100
.01870000	-1.1573	0.0004	1.248	0.002	-2.406	0.002	0.088	0.652	0.000100
.01880000	-1.1574	0.0004	1.255	0.002	-2.412	0.002	0.086	0.651	0.000100
.01890000	-1.1563	0.0004	1.300	0.003	-2.456	0.002	0.081	0.644	0.000100
.01900000	-1.1571	0.0005	1.284	0.003	-2.441	0.003	0.083	0.645	0.000100
.01910000	-1.1572	0.0005	1.249	0.003	-2.407	0.003	0.090	0.652	0.000100
.01920000	-1.1575	0.0005	1.249	0.003	-2.406	0.003	0.085	0.651	0.000100
.01930000	-1.1565	0.0005	1.295	0.003	-2.451	0.003	0.082	0.645	0.000100
.01940000	-1.1565	0.0005	1.298	0.003	-2.455	0.003	0.079	0.644	0.000100
.01950000	-1.1576	0.0005	1.256	0.003	-2.414	0.003	0.084	0.651	0.000100
.01960000	-1.1577	0.0005	1.256	0.003	-2.414	0.003	0.083	0.651	0.000100
.01970000	-1.1567	0.0005	1.291	0.003	-2.448	0.003	0.083	0.645	0.000100
.01980000	-1.1568	0.0005	1.291	0.003	-2.448	0.003	0.082	0.645	0.000100
.01990000	-1.1579	0.0005	1.251	0.003	-2.409	0.003	0.083	0.651	0.000100
.02000000	-1.1579	0.0005	1.257	0.003	-2.415	0.003	0.080	0.650	0.000100
.02010000	-1.1564	0.0005	1.296	0.003	-2.453	0.003	0.081	0.644	0.000100
.02020000	-1.1565	0.0005	1.295	0.003	-2.452	0.003	0.082	0.645	0.000100
.02030000	-1.1577	0.0005	1.249	0.003	-2.406	0.003	0.084	0.652	0.000100
.02040000	-1.1582	0.0004	1.255	0.002	-2.414	0.002	0.080	0.651	0.000100
.02050000	-1.1569	0.0004	1.293	0.003	-2.450	0.002	0.079	0.645	0.000100
.02060000	-1.1575	0.0004	1.289	0.002	-2.446	0.002	0.077	0.645	0.000100
.02070000	-1.1576	0.0004	1.250	0.002	-2.408	0.002	0.083	0.652	0.000100
.02080000	-1.1584	0.0004	1.252	0.002	-2.411	0.002	0.081	0.651	0.000100
.02090000	-1.1573	0.0004	1.292	0.003	-2.449	0.002	0.079	0.645	0.000100
.02100000	-1.1583	0.0005	1.274	0.003	-2.432	0.003	0.077	0.646	0.000100
.02110000	-1.1582	0.0005	1.240	0.003	-2.398	0.003	0.091	0.653	0.000100
.02120000	-1.1581	0.0005	1.249	0.003	-2.407	0.003	0.082	0.651	0.000100
.02130000	-1.1575	0.0005	1.291	0.003	-2.449	0.003	0.076	0.645	0.000100
.02140000	-1.1582	0.0005	1.290	0.003	-2.449	0.003	0.074	0.646	0.000100
.02150000	-1.1579	0.0005	1.243	0.003	-2.401	0.003	0.087	0.652	0.000100
.02160000	-1.1582	0.0005	1.249	0.003	-2.407	0.003	0.082	0.652	0.000100
.02170000	-1.1577	0.0005	1.286	0.003	-2.444	0.003	0.081	0.646	0.000100
.02180000	-1.1581	0.0004	1.283	0.003	-2.441	0.003	0.075	0.647	0.000100
.02190000	-1.1582	0.0005	1.238	0.003	-2.396	0.003	0.087	0.653	0.000100
.02200000	-1.1576	0.0005	1.250	0.003	-2.408	0.003	0.087	0.651	0.000100
.02210000	-1.1583	0.0004	1.287	0.003	-2.445	0.003	0.074	0.645	0.000100
.02220000	-1.1585	0.0004	1.283	0.003	-2.442	0.003	0.073	0.646	0.000100
.02230000	-1.1581	0.0005	1.234	0.003	-2.392	0.003	0.089	0.653	0.000100
.02240000	-1.1586	0.0004	1.244	0.002	-2.403	0.002	0.082	0.652	0.000100
.02250000	-1.1585	0.0004	1.287	0.003	-2.445	0.002	0.076	0.645	0.000100
.02260000	-1.1584	0.0004	1.286	0.003	-2.444	0.002	0.075	0.646	0.000100
.02270000	-1.1583	0.0004	1.241	0.002	-2.399	0.002	0.085	0.653	0.000100
.02280000	-1.1588	0.0004	1.248	0.002	-2.407	0.002	0.080	0.651	0.000100
.02290000	-1.1583	0.0004	1.287	0.003	-2.446	0.002	0.074	0.646	0.000100
.02300000	-1.1593	0.0004	1.271	0.003	-2.430	0.003	0.071	0.647	0.000100
.02310000	-1.1580	0.0005	1.233	0.003	-2.391	0.002	0.087	0.654	0.000100
.02320000	-1.1585	0.0005	1.246	0.003	-2.405	0.003	0.083	0.652	0.000100
.02330000	-1.1590	0.0004	1.287	0.003	-2.446	0.003	0.071	0.645	0.000100
.02340000	-1.1590	0.0004	1.278	0.003	-2.437	0.003	0.071	0.647	0.000100
.02350000	-1.1585	0.0005	1.231	0.003	-2.389	0.003	0.085	0.654	0.000100
.02360000	-1.1591	0.0004	1.241	0.003	-2.400	0.003	0.080	0.652	0.000100
.02370000	-1.1582	0.0004	1.290	0.003	-2.449	0.003	0.076	0.645	0.000100
.02380000	-1.1584	0.0004	1.286	0.003	-2.444	0.002	0.071	0.646	0.000100
.02390000	-1.1589	0.0004	1.241	0.002	-2.400	0.002	0.091	0.653	0.000100
.02400000	-1.1593	0.0004	1.249	0.002	-2.409	0.002	0.079	0.651	0.000100
.02410000	-1.1586	0.0004	1.288	0.003	-2.446	0.002	0.073	0.646	0.000100
.02420000	-1.1591	0.0004	1.276	0.002	-2.435	0.002	0.073	0.647	0.000100
.02430000	-1.1586	0.0004	1.230	0.002	-2.388	0.002	0.084	0.654	0.000100
.02440000	-1.1588	0.0004	1.241	0.002	-2.400	0.002	0.080	0.652	0.000100
.02450000	-1.1592	0.0004	1.286	0.002	-2.446	0.002	0.070	0.645	0.000100
.02460000	-1.1587	0.0004	1.280	0.002	-2.439	0.002	0.070	0.647	0.000100
.02470000	-1.1590	0.0004	1.230	0.002	-2.389	0.002	0.084	0.654	0.000100
.02480000	-1.1589	0.0004	1.243	0.002	-2.402	0.002	0.079	0.652	0.000100
.02490000	-1.1587	0.0003	1.288	0.002	-2.447	0.002	0.072	0.646	0.000100
.02500000	-1.1598	0.0005	1.270	0.003	-2.430	0.003	0.069	0.647	0.000100
.02510000	-1.1593	0.0005	1.235	0.003	-2.394	0.003	0.081	0.653	0.000100
.02520000	-1.1595	0.0005	1.242	0.003	-2.401	0.003	0.076	0.652	0.000100
.02530000	-1.1594	0.0005	1.281	0.003	-2.441	0.003	0.073	0.646	0.000100
.02540000	-1.1597	0.0005	1.271	0.003	-2.430	0.003	0.069	0.648	0.000100
.02550000	-1.1589	0.0005	1.230	0.003	-2.389	0.003	0.084	0.654	0.000100
.02560000	-1.1596	0.0005	1.241	0.003	-2.401	0.003	0.079	0.652	0.000100
.02570000	-1.1590	0.0005	1.287	0.003	-2.446	0.003	0.069	0.646	0.000100
.02580000	-1.1592	0.0004	1.277	0.003	-2.436	0.003	0.068	0.647	0.000100
.02590000	-1.1592	0.0005	1.225	0.002	-2.384	0.002	0.081	0.654	0.000100
.02600000	-1.1592	0.0004	1.239	0.003	-2.398	0.003	0.078	0.653	0.000100
.02610000	-1.1593	0.0004	1.284	0.003	-2.444	0.003	0.070	0.646	0.000100
.02620000	-1.1597	0.0004	1.277	0.003	-2.436	0.003	0.067	0.647	0.000100
.02630000	-1.1595	0.0005	1.230	0.003	-2.390	0.003	0.084	0.654	0.000100
.02640000	-1.1597	0.0004	1.242	0.002	-2.402	0.002	0.074	0.652	0.000100
.02650000	-1.1597	0.0004	1.283	0.003	-2.443	0.002	0.068	0.646	0.000100
.02660000	-1.1600	0.0004	1.264	0.002	-2.424	0.002	0.068	0.648	0.000100
.02670000	-1.1593	0.0004	1.225	0.002	-2.385	0.002	0.083	0.655	0.000100
.02680000	-1.1599	0.0004	1.239	0.002	-2.399	0.002	0.077	0.652	0.000100
.02690000	-1.1597	0.0004	1.285	0.002	-2.444	0.002	0.067	0.646	0.000100
.02700000	-1.1603	0.0004	1.266	0.003	-2.427	0.003	0.066	0.648	0.000100
.02710000	-1.1595	0.0005	1.225	0.002	-2.385	0.002	0.081	0.654	0.000100
.02720000	-1.1598	0.0004	1.239	0.003	-2.398	0.003	0.077	0.653	0.000100
.02730000	-1.1597	0.0004	1.280	0.003	-2.440	0.003	0.070	0.646	0.000100
.02740000	-1.1596	0.0004	1.275	0.003	-2.435	0.003	0.066	0.647	0.000100
.02750000	-1.1601	0.0005	1.232	0.003	-2.392	0.003	0.081	0.654	0.000100
.02760000	-1.1599	0.0004	1.245	0.003	-2.405	0.003	0.074	0.652	0.000100
.02770000	-1.1597	0.0004	1.281	0.002	-2.440	0.002	0.068	0.646	0.000100
.02780000	-1.1603	0.0004	1.264	0.002	-2.425	0.002	0.067	0.648	0.000100
.02790000	-1.1594	0.0004	1.225	0.002	-2.385	0.002	0.080	0.655	0.000100
.02800000	-1.1599	0.0004	1.242	0.002	-2.402	0.002	0.073	0.652	0.000100
.02810000	-1.1602	0.0004	1.281	0.003	-2.442	0.002	0.067	0.646	0.000100
.02820000	-1.1600	0.0004	1.269	0.002	-2.429	0.002	0.065	0.648	0.000100
.02830000	-1.1599	0.0004	1.227	0.002	-2.387	0.002	0.082	0.654	0.000100
.02840000	-1.1601	0.0004	1.243	0.002	-2.403	0.002	0.076	0.652	0.000100
.02850000	-1.1604	0.0004	1.277	0.002	-2.438	0.002	0.068	0.647	0.000100
.02860000	-1.1600	0.0004	1.265	0.002	-2.425	0.002	0.067	0.649	0.000100
.02870000	-1.1599	0.0004	1.225	0.002	-2.385	0.002	0.079	0.654	0.000100
.02880000	-1.1602	0.0004	1.244	0.002	-2.405	0.002	0.073	0.652	0.000100
.02890000	-1.1603	0.0003	1.281	0.002	-2.441	0.002	0.066	0.647	0.000100
.02900000	-1.1609	0.0004	1.252	0.003	-2.413	0.003	0.068	0.649	0.000100
.02910000	-1.1605	0.0005	1.222	0.003	-2.383	0.003	0.092	0.655	0.000100
.02920000	-1.1599	0.0004	1.251	0.003	-2.411	0.003	0.070	0.651	0.000100
.02930000	-1.1606	0.0004	1.271	0.003	-2.432	0.003	0.065	0.647	0.000100
.02940000	-1.1602	0.0004	1.256	0.003	-2.416	0.003	0.064	0.650	0.000100
.02950000	-1.1604	0.0004	1.234	0.003	-2.394	0.003	0.075	0.653	0.000100
.02960000	-1.1604	0.0004	1.252	0.003	-2.412	0.003	0.070	0.650	0.000100
.02970000	-1.1607	0.0004	1.264	0.002	-2.425	0.002	0.065	0.648	0.000100
.02980000	-1.1604	0.0004	1.249	0.002	-2.409	0.002	0.067	0.651	0.000100
.02990000	-1.1603	0.0004	1.242	0.002	-2.403	0.002	0.072	0.652	0.000100
.03000000	-1.1607	0.0004	1.259	0.002	-2.420	0.002	0.068	0.649	0.000100
.03010000	-1.1604	0.0004	1.256	0.002	-2.417	0.002	0.065	0.650	0.000100
.03020000	-1.1607	0.0004	1.249	0.002	-2.409	0.002	0.069	0.651	0.000100
.03030000	-1.1603	0.0004	1.248	0.002	-2.409	0.002	0.071	0.650	0.000100
.03040000	-1.1603	0.0004	1.254	0.002	-2.414	0.002	0.069	0.650	0.000100
.03050000	-1.1606	0.0004	1.249	0.002	-2.410	0.002	0.065	0.651	0.000100
.03060000	-1.1611	0.0004	1.247	0.002	-2.409	0.002	0.066	0.650	0.000100
.03070000	-1.1602	0.0003	1.254	0.002	-2.414	0.002	0.068	0.650	0.000100
.03080000	-1.1606	0.0003	1.247	0.002	-2.407	0.002	0.070	0.651	0.000100
.03090000	-1.1611	0.0003	1.245	0.002	-2.406	0.002	0.068	0.651	0.000100
.03100000	-1.1614	0.0004	1.243	0.003	-2.405	0.003	0.063	0.650	0.000100
.03110000	-1.1607	0.0004	1.250	0.003	-2.410	0.003	0.070	0.651	0.000100
.03120000	-1.1610	0.0004	1.247	0.003	-2.408	0.003	0.069	0.651	0.000100
.03130000	-1.1609	0.0004	1.253	0.003	-2.414	0.003	0.067	0.650	0.000100
.03140000	-1.1606	0.0004	1.254	0.003	-2.415	0.003	0.065	0.650	0.000100
.03150000	-1.1610	0.0004	1.247	0.003	-2.408	0.003	0.069	0.651	0.000100
.03160000	-1.1612	0.0004	1.251	0.003	-2.412	0.003	0.067	0.651	0.000100
.03170000	-1.1609	0.0004	1.251	0.002	-2.412	0.002	0.067	0.650	0.000100
.03180000	-1.1609	0.0004	1.248	0.002	-2.409	0.002	0.067	0.651	0.000100
.03190000	-1.1612	0.0004	1.245	0.002	-2.407	0.002	0.068	0.651	0.000100
.03200000	-1.1611	0.0004	1.248	0.002	-2.409	0.002	0.067	0.651	0.000100
.03210000	-1.1609	0.0004	1.243	0.002	-2.404	0.002	0.069	0.651	0.000100
.03220000	-1.1612	0.0004	1.244	0.002	-2.405	0.002	0.065	0.651	0.000100
.03230000	-1.1612	0.0004	1.247	0.002	-2.408	0.002	0.066	0.651	0.000100
.03240000	-1.1614	0.0004	1.248	0.002	-2.410	0.002	0.067	0.651	0.000100
.03250000	-1.1609	0.0004	1.245	0.002	-2.405	0.002	0.065	0.651	0.000100
.03260000	-1.1612	0.0003	1.246	0.002	-2.408	0.002	0.064	0.650	0.000100
.03270000	-1.1613	0.0003	1.246	0.002	-2.407	0.002	0.068	0.651	0.000100
.03280000	-1.1615	0.0003	1.247	0.002	-2.408	0.002	0.068	0.651	0.000100
.03290000	-1.1610	0.0003	1.247	0.002	-2.409	0.002	0.066	0.651	0.000100
.03300000	-1.1621	0.0004	1.240	0.003	-2.402	0.003	0.064	0.651	0.000100
.03310000	-1.1615	0.0004	1.243	0.003	-2.405	0.003	0.070	0.651	0.000100
.03320000	-1.1616	0.0004	1.251	0.003	-2.413	0.003	0.067	0.650	0.000100
.03330000	-1.1615	0.0004	1.243	0.003	-2.405	0.003	0.065	0.651	0.000100
.03340000	-1.1620	0.0004	1.243	0.003	-2.405	0.003	0.064	0.651	0.000100
.03350000	-1.1609	0.0004	1.250	0.003	-2.410	0.003	0.074	0.651	0.000100
.03360000	-1.1614	0.0004	1.247	0.003	-2.409	0.003	0.069	0.651	0.000100
.03370000	-1.1625	0.0004	1.239	0.002	-2.402	0.002	0.065	0.651	0.000100
.03380000	-1.1622	0.0004	1.245	0.002	-2.407	0.002	0.061	0.651	0.000100
.03390000	-1.1617	0.0004	1.241	0.002	-2.402	0.002	0.070	0.652	0.000100
.03400000	-1.1615	0.0004	1.247	0.002	-2.408	0.002	0.068	0.651	0.000100
.03410000	-1.1618	0.0004	1.250	0.002	-2.411	0.002	0.064	0.650	0.000100
.03420000	-1.1618	0.0003	1.243	0.002	-2.405	0.002	0.063	0.652	0.000100
.03430000	-1.1619	0.0004	1.245	0.002	-2.407	0.002	0.066	0.651	0.000100
.03440000	-1.1620	0.0003	1.245	0.002	-2.407	0.002	0.064	0.651	0.000100
.03450000	-1.1613	0.0004	1.237	0.002	-2.398	0.002	0.068	0.652	0.000100
.03460000	-1.1613	0.0004	1.246	0.002	-2.408	0.002	0.067	0.651	0.000100
.03470000	-1.1625	0.0003	1.250	0.002	-2.413	0.002	0.062	0.650	0.000100
.03480000	-1.1625	0.0003	1.233	0.002	-2.396	0.002	0.066	0.653	0.000100
.03490000	-1.1616	0.0003	1.251	0.002	-2.413	0.002	0.064	0.650	0.000100
.03500000	-1.1621	0.0004	1.238	0.003	-2.400	0.003	0.062	0.652	0.000100
.03510000	-1.1617	0.0004	1.231	0.003	-2.393	0.003	0.070	0.653	0.000100
.03520000	-1.1612	0.0004	1.258	0.003	-2.419	0.003	0.067	0.650	0.000100
.03530000	-1.1627	0.0004	1.250	0.003	-2.413	0.003	0.060	0.651	0.000100
.03540000	-1.1611	0.0004	1.211	0.002	-2.373	0.002	0.076	0.656	0.000100
.03550000	-1.1639	0.0004	1.231	0.003	-2.395	0.003	0.061	0.652	0.000100
.03560000	-1.1611	0.0004	1.269	0.003	-2.430	0.003	0.068	0.647	0.000100
.03570000	-1.1623	0.0004	1.248	0.002	-2.410	0.002	0.063	0.651	0.000100
.03580000	-1.1603	0.0004	1.222	0.002	-2.383	0.002	0.078	0.655	0.000100
.03590000	-1.1593	0.0004	1.250	0.002	-2.409	0.002	0.072	0.650	0.000100
.03600000	-1.1627	0.0004	1.269	0.002	-2.431	0.002	0.059	0.648	0.000100
.03610000	-1.1597	0.0004	1.228	0.002	-2.388	0.002	0.078	0.653	0.000100
.03620000	-1.1599	0.0004	1.223	0.002	-2.383	0.002	0.080	0.654	0.000100
.03630000	-1.1630	0.0003	1.253	0.002	-2.416	0.002	0.059	0.649	0.000100
.03640000	-1.1615	0.0004	1.226	0.002	-2.388	0.002	0.071	0.653	0.000100
.03650000	-1.1630	0.0003	1.235	0.002	-2.398	0.002	0.058	0.652	0.000100
.03660000	-1.1592	0.0004	1.269	0.002	-2.429	0.002	0.084	0.648	0.000100
.03670000	-1.1579	0.0004	1.265	0.002	-2.423	0.002	0.081	0.648	0.000100
.03680000	-1.1625	0.0003	1.231	0.002	-2.394	0.002	0.064	0.653	0.000100
.03690000	-1.1598	0.0003	1.262	0.002	-2.422	0.002	0.067	0.649	0.000100
.03700000	-1.1595	0.0004	1.265	0.002	-2.424	0.002	0.070	0.648	0.000100
.03710000	-1.1637	0.0003	1.232	0.002	-2.396	0.002	0.058	0.652	0.000100
.03720000	-1.1593	0.0004	1.235	0.002	-2.395	0.002	0.075	0.652	0.000100
.03730000	-1.1593	0.0004	1.249	0.002	-2.408	0.002	0.069	0.651	0.000100
.03740000	-1.1634	0.0003	1.251	0.002	-2.414	0.002	0.053	0.650	0.000100
.03750000	-1.1605	0.0003	1.231	0.002	-2.392	0.002	0.068	0.653	0.000100
.03760000	-1.1615	0.0003	1.232	0.002	-2.394	0.002	0.062	0.652	0.000100
.03770000	-1.1619	0.0003	1.236	0.002	-2.398	0.002	0.064	0.652	0.000100
.03780000	-1.1613	0.0003	1.241	0.002	-2.402	0.002	0.064	0.652	0.000100
.03790000	-1.1634	0.0003	1.252	0.002	-2.415	0.002	0.052	0.650	0.000100
.03800000	-1.1631	0.0003	1.225	0.002	-2.388	0.002	0.060	0.653	0.000100
.03810000	-1.1631	0.0003	1.225	0.002	-2.388	0.002	0.069	0.654	0.000100
.03820000	-1.1634	0.0003	1.235	0.002	-2.399	0.002	0.057	0.652	0.000100
.03830000	-1.1619	0.0003	1.280	0.002	-2.442	0.002	0.057	0.646	0.000100
.03840000	-1.1628	0.0003	1.255	0.002	-2.418	0.002	0.058	0.650	0.000100
.03850000	-1.1617	0.0003	1.203	0.002	-2.364	0.002	0.076	0.657	0.000100
.03860000	-1.1605	0.0003	1.223	0.002	-2.384	0.002	0.068	0.654	0.000100
.03870000	-1.1620	0.0003	1.260	0.002	-2.422	0.002	0.062	0.649	0.000100
.03880000	-1.1622	0.0003	1.239	0.002	-2.402	0.002	0.060	0.652	0.000100
.03890000	-1.1630	0.0003	1.229	0.002	-2.392	0.002	0.062	0.653	0.000100
.03900000	-1.1628	0.0003	1.266	0.002	-2.429	0.002	0.057	0.648	0.000030
.03903000	-1.1628	0.0003	1.262	0.002	-2.425	0.002	0.056	0.648	0.000030
.03906000	-1.1636	0.0003	1.239	0.002	-2.403	0.002	0.055	0.652	0.000030
.03909000	-1.1638	0.0003	1.217	0.002	-2.381	0.002	0.062	0.655	0.000030
.03912000	-1.1630	0.0003	1.218	0.002	-2.381	0.002	0.063	0.654	0.000030
.03915000	-1.1630	0.0003	1.235	0.002	-2.398	0.002	0.060	0.652	0.000030
.03918000	-1.1635	0.0003	1.242	0.002	-2.406	0.002	0.057	0.651	0.000030
.03921000	-1.1639	0.0003	1.236	0.002	-2.400	0.002	0.055	0.652	0.000030
.03924000	-1.1636	0.0003	1.224	0.002	-2.388	0.002	0.060	0.654	0.000030
.03927000	-1.1636	0.0003	1.229	0.002	-2.392	0.002	0.060	0.653	0.000030
.03930000	-1.1641	0.0003	1.245	0.002	-2.409	0.002	0.056	0.651	0.000030
.03933000	-1.1636	0.0003	1.252	0.002	-2.416	0.002	0.054	0.650	0.000030
.03936000	-1.1641	0.0003	1.239	0.002	-2.403	0.002	0.057	0.652	0.000030
.03939000	-1.1638	0.0003	1.218	0.002	-2.382	0.002	0.062	0.654	0.000030
.03942000	-1.1638	0.0003	1.219	0.002	-2.383	0.002	0.060	0.654	0.000030
.03945000	-1.1638	0.0003	1.240	0.002	-2.404	0.002	0.056	0.651	0.000030
.03948000	-1.1640	0.0003	1.244	0.002	-2.407	0.002	0.058	0.651	0.000030
.03951000	-1.1643	0.0003	1.228	0.002	-2.392	0.002	0.059	0.653	0.000030
.03954000	-1.1641	0.0003	1.233	0.002	-2.397	0.002	0.058	0.653	0.000030
.03957000	-1.1639	0.0003	1.249	0.002	-2.413	0.002	0.055	0.651	0.000030
.03960000	-1.1642	0.0003	1.237	0.002	-2.402	0.002	0.056	0.651	0.000030
.03963000	-1.1641	0.0003	1.219	0.002	-2.383	0.002	0.064	0.655	0.000030
.03966000	-1.1641	0.0003	1.216	0.002	-2.380	0.002	0.062	0.654	0.000030
.03969000	-1.1642	0.0003	1.239	0.002	-2.403	0.002	0.056	0.651	0.000030
.03972000	-1.1642	0.0003	1.244	0.002	-2.409	0.002	0.056	0.651	0.000030
.03975000	-1.1640	0.0003	1.227	0.002	-2.391	0.002	0.061	0.653	0.000030
.03978000	-1.1645	0.0003	1.228	0.002	-2.392	0.002	0.059	0.653	0.000030
.03981000	-1.1639	0.0003	1.246	0.002	-2.409	0.002	0.057	0.651	0.000030
.03984000	-1.1641	0.0003	1.242	0.002	-2.406	0.002	0.058	0.651	0.000030
.03987000	-1.1640	0.0003	1.221	0.002	-2.385	0.002	0.063	0.654	0.000030
.03990000	-1.1644	0.0003	1.220	0.002	-2.384	0.002	0.061	0.654	0.000030
.03993000	-1.1639	0.0003	1.245	0.002	-2.409	0.002	0.056	0.651	0.000030
.03996000	-1.1644	0.0003	1.246	0.002	-2.411	0.002	0.060	0.651	0.000030
.03999000	-1.1642	0.0003	1.225	0.002	-2.389	0.002	0.060	0.653	0.000030
.04002000	-1.1640	0.0003	1.225	0.002	-2.389	0.002	0.060	0.653	0.000030
.04005000	-1.1642	0.0003	1.246	0.002	-2.410	0.002	0.056	0.651	0.000030
.04008000	-1.1643	0.0003	1.238	0.002	-2.402	0.002	0.057	0.651	0.000030
.04011000	-1.1638	0.0003	1.217	0.002	-2.380	0.002	0.064	0.655	0.000030
.04014000	-1.1642	0.0003	1.219	0.002	-2.383	0.002	0.064	0.654	0.000030
.04017000	-1.1640	0.0003	1.244	0.002	-2.408	0.002	0.057	0.651	0.000030
.04020000	-1.1647	0.0003	1.238	0.002	-2.403	0.002	0.057	0.651	0.000030
.04023000	-1.1645	0.0003	1.222	0.002	-2.386	0.002	0.062	0.654	0.000030
.04026000	-1.1646	0.0003	1.221	0.002	-2.385	0.002	0.061	0.654	0.000030
.04029000	-1.1641	0.0003	1.244	0.002	-2.408	0.002	0.061	0.651	0.000030
.04032000	-1.1643	0.0003	1.243	0.002	-2.408	0.002	0.058	0.651	0.000030
.04035000	-1.1644	0.0003	1.221	0.002	-2.385	0.002	0.062	0.654	0.000030
.04038000	-1.1646	0.0003	1.220	0.002	-2.384	0.002	0.061	0.654	0.000030
.04041000	-1.1642	0.0003	1.243	0.002	-2.407	0.002	0.057	0.651	0.000030
.04044000	-1.1644	0.0003	1.239	0.002	-2.404	0.002	0.056	0.651	0.000030
.04047000	-1.1640	0.0003	1.218	0.002	-2.382	0.002	0.062	0.655	0.000030
.04050000	-1.1645	0.0003	1.219	0.002	-2.384	0.002	0.062	0.654	0.000030
.04053000	-1.1644	0.0003	1.238	0.002	-2.402	0.002	0.057	0.651	0.000030
.04056000	-1.1647	0.0003	1.238	0.002	-2.402	0.002	0.057	0.651	0.000030
.04059000	-1.1642	0.0003	1.220	0.002	-2.384	0.002	0.061	0.654	0.000030
.04062000	-1.1645	0.0003	1.224	0.002	-2.389	0.002	0.060	0.654	0.000030
.04065000	-1.1646	0.0003	1.245	0.002	-2.410	0.002	0.058	0.651	0.000030
.04068000	-1.1644	0.0003	1.245	0.002	-2.409	0.002	0.056	0.651	0.000030
.04071000	-1.1645	0.0003	1.223	0.002	-2.387	0.002	0.060	0.654	0.000030
.04074000	-1.1648	0.0003	1.225	0.002	-2.390	0.002	0.060	0.654	0.000030
.04077000	-1.1644	0.0003	1.242	0.002	-2.407	0.002	0.057	0.651	0.000030
.04080000	-1.1648	0.0003	1.236	0.002	-2.401	0.002	0.056	0.652	0.000030
.04083000	-1.1644	0.0003	1.215	0.002	-2.379	0.002	0.062	0.655	0.000030
.04086000	-1.1642	0.0003	1.218	0.002	-2.382	0.002	0.063	0.654	0.000030
.04089000	-1.1647	0.0003	1.237	0.002	-2.402	0.002	0.056	0.651	0.000030
.04092000	-1.1647	0.0003	1.243	0.002	-2.408	0.002	0.056	0.651	0.000030
.04095000	-1.1647	0.0003	1.222	0.002	-2.387	0.002	0.062	0.654	0.000030
.04098000	-1.1644	0.0003	1.222	0.002	-2.387	0.002	0.060	0.654	0.000030
.04101000	-1.1648	0.0003	1.241	0.002	-2.405	0.002	0.057	0.651	0.000030
.04104000	-1.1645	0.0003	1.244	0.002	-2.408	0.002	0.057	0.651	0.000030
.04107000	-1.1643	0.0003	1.221	0.002	-2.385	0.002	0.060	0.654	0.000030
.04110000	-1.1648	0.0003	1.217	0.002	-2.382	0.002	0.059	0.654	0.000030
.04113000	-1.1644	0.0003	1.245	0.002	-2.410	0.002	0.056	0.651	0.000030
.04116000	-1.1646	0.0003	1.244	0.002	-2.409	0.002	0.060	0.651	0.000030
.04119000	-1.1645	0.0003	1.220	0.002	-2.385	0.002	0.062	0.654	0.000030
.04122000	-1.1648	0.0003	1.221	0.002	-2.385	0.002	0.061	0.654	0.000030
.04125000	-1.1646	0.0003	1.245	0.002	-2.409	0.002	0.057	0.651	0.000030
.04128000	-1.1645	0.0003	1.239	0.002	-2.404	0.002	0.056	0.651	0.000030
.04131000	-1.1648	0.0003	1.220	0.002	-2.384	0.002	0.060	0.654	0.000030
.04134000	-1.1647	0.0003	1.222	0.002	-2.386	0.002	0.059	0.654	0.000030
.04137000	-1.1644	0.0003	1.242	0.002	-2.407	0.002	0.057	0.651	0.000030
.04140000	-1.1652	0.0003	1.235	0.002	-2.400	0.002	0.055	0.651	0.000030
.04143000	-1.1646	0.0003	1.218	0.002	-2.383	0.002	0.060	0.654	0.000030
.04146000	-1.1649	0.0003	1.218	0.002	-2.383	0.002	0.059	0.654	0.000030
.04149000	-1.1647	0.0003	1.239	0.002	-2.404	0.002	0.056	0.651	0.000030
.04152000	-1.1645	0.0003	1.241	0.002	-2.405	0.002	0.057	0.651	0.000030
.04155000	-1.1649	0.0003	1.216	0.002	-2.381	0.002	0.059	0.655	0.000030
.04158000	-1.1647	0.0003	1.221	0.002	-2.385	0.002	0.060	0.654	0.000030
.04161000	-1.1648	0.0003	1.242	0.002	-2.407	0.002	0.055	0.651	0.000030
.04164000	-1.1648	0.0003	1.242	0.002	-2.407	0.002	0.055	0.651	0.000030
.04167000	-1.1648	0.0003	1.221	0.002	-2.386	0.002	0.060	0.654	0.000030
.04170000	-1.1648	0.0003	1.219	0.002	-2.384	0.002	0.058	0.654	0.000030
.04173000	-1.1648	0.0003	1.242	0.002	-2.407	0.002	0.056	0.651	0.000030
.04176000	-1.1645	0.0003	1.240	0.002	-2.405	0.002	0.056	0.651	0.000030
.04179000	-1.1650	0.0003	1.219	0.002	-2.384	0.002	0.061	0.654	0.000030
.04182000	-1.1646	0.0003	1.221	0.002	-2.386	0.002	0.058	0.654	0.000030
.04185000	-1.1650	0.0003	1.241	0.002	-2.406	0.002	0.055	0.651	0.000030
.04188000	-1.1648	0.0003	1.240	0.002	-2.405	0.002	0.055	0.651	0.000030
.04191000	-1.1647	0.0003	1.214	0.002	-2.378	0.002	0.060	0.655	0.000030
.04194000	-1.1648	0.0003	1.215	0.002	-2.380	0.002	0.062	0.655	0.000030
.04197000	-1.1650	0.0003	1.236	0.002	-2.401	0.002	0.056	0.652	0.000030
.04200000	-1.1654	0.0003	1.232	0.002	-2.398	0.002	0.057	0.652	0.000030
.04203000	-1.1649	0.0003	1.218	0.002	-2.383	0.002	0.061	0.655	0.000030
.04206000	-1.1649	0.0003	1.220	0.002	-2.385	0.002	0.060	0.654	0.000030
.04209000	-1.1648	0.0003	1.240	0.002	-2.405	0.002	0.056	0.651	0.000030
.04212000	-1.1648	0.0003	1.239	0.002	-2.403	0.002	0.056	0.652	0.000030
.04215000	-1.1648	0.0003	1.216	0.002	-2.381	0.002	0.061	0.655	0.000030
.04218000	-1.1651	0.0003	1.212	0.002	-2.377	0.002	0.059	0.655	0.000030
.04221000	-1.1652	0.0003	1.237	0.002	-2.402	0.002	0.055	0.652	0.000030
.04224000	-1.1647	0.0003	1.240	0.002	-2.404	0.002	0.055	0.652	0.000030
.04227000	-1.1649	0.0003	1.214	0.002	-2.379	0.002	0.059	0.655	0.000030
.04230000	-1.1651	0.0003	1.220	0.002	-2.385	0.002	0.058	0.654	0.000030
.04233000	-1.1651	0.0003	1.238	0.002	-2.403	0.002	0.055	0.651	0.000030
.04236000	-1.1651	0.0003	1.239	0.002	-2.404	0.002	0.055	0.652	0.000030
.04239000	-1.1649	0.0003	1.214	0.002	-2.379	0.002	0.060	0.655	0.000030
.04242000	-1.1651	0.0003	1.212	0.002	-2.377	0.002	0.059	0.655	0.000030
.04245000	-1.1649	0.0003	1.234	0.002	-2.399	0.002	0.055	0.652	0.000030
.04248000	-1.1652	0.0003	1.237	0.002	-2.402	0.002	0.055	0.652	0.000030
.04251000	-1.1649	0.0003	1.215	0.002	-2.380	0.002	0.059	0.655	0.000030
.04254000	-1.1651	0.0003	1.221	0.002	-2.386	0.002	0.057	0.654	0.000030
.04257000	-1.1651	0.0003	1.240	0.002	-2.405	0.002	0.055	0.651	0.000030
.04260000	-1.1654	0.0003	1.231	0.002	-2.396	0.002	0.054	0.652	0.000030
.04263000	-1.1648	0.0003	1.212	0.002	-2.377	0.002	0.061	0.655	0.000030
.04266000	-1.1649	0.0003	1.210	0.002	-2.374	0.002	0.061	0.656	0.000030
.04269000	-1.1653	0.0003	1.233	0.002	-2.399	0.002	0.054	0.652	0.000030
.04272000	-1.1652	0.0003	1.241	0.002	-2.407	0.002	0.060	0.651	0.000030
.04275000	-1.1654	0.0003	1.223	0.002	-2.388	0.002	0.056	0.654	0.000030
.04278000	-1.1652	0.0003	1.217	0.002	-2.382	0.002	0.058	0.654	0.000030
.04281000	-1.1653	0.0003	1.234	0.002	-2.399	0.002	0.055	0.652	0.000030
.04284000	-1.1654	0.0003	1.230	0.002	-2.395	0.002	0.053	0.653	0.000030
.04287000	-1.1651	0.0003	1.216	0.002	-2.381	0.002	0.058	0.655	0.000030
.04290000	-1.1655	0.0003	1.224	0.002	-2.389	0.002	0.054	0.653	0.000030
.04293000	-1.1653	0.0003	1.236	0.002	-2.401	0.002	0.055	0.652	0.000030
.04296000	-1.1652	0.0003	1.221	0.002	-2.386	0.002	0.056	0.653	0.000030
.04299000	-1.1653	0.0003	1.218	0.002	-2.384	0.002	0.057	0.654	0.000030
.04302000	-1.1654	0.0003	1.232	0.002	-2.397	0.002	0.055	0.652	0.000030
.04305000	-1.1651	0.0003	1.231	0.002	-2.396	0.002	0.057	0.653	0.000030
.04308000	-1.1654	0.0003	1.219	0.002	-2.384	0.002	0.057	0.654	0.000030
.04311000	-1.1655	0.0003	1.227	0.002	-2.393	0.002	0.054	0.653	0.000030
.04314000	-1.1653	0.0003	1.232	0.002	-2.397	0.002	0.056	0.653	0.000030
.04317000	-1.1656	0.0003	1.223	0.002	-2.388	0.002	0.056	0.654	0.000030
.04320000	-1.1656	0.0003	1.218	0.002	-2.384	0.002	0.056	0.653	0.000030
.04323000	-1.1656	0.0003	1.228	0.002	-2.393	0.002	0.055	0.653	0.000030
.04326000	-1.1656	0.0003	1.224	0.002	-2.390	0.002	0.055	0.653	0.000030
.04329000	-1.1654	0.0003	1.222	0.002	-2.387	0.002	0.057	0.654	0.000030
.04332000	-1.1656	0.0003	1.230	0.002	-2.396	0.002	0.054	0.653	0.000030
.04335000	-1.1653	0.0003	1.231	0.002	-2.396	0.002	0.055	0.653	0.000030
.04338000	-1.1651	0.0003	1.224	0.002	-2.389	0.002	0.056	0.654	0.000030
.04341000	-1.1653	0.0003	1.224	0.002	-2.389	0.002	0.055	0.653	0.000030
.04344000	-1.1655	0.0003	1.226	0.002	-2.392	0.002	0.054	0.653	0.000030
.04347000	-1.1655	0.0003	1.222	0.002	-2.388	0.002	0.056	0.654	0.000030
.04350000	-1.1656	0.0003	1.224	0.002	-2.389	0.002	0.055	0.653	0.000030
.04353000	-1.1653	0.0003	1.228	0.002	-2.394	0.002	0.060	0.653	0.000030
.04356000	-1.1655	0.0003	1.224	0.002	-2.390	0.002	0.055	0.653	0.000030
.04359000	-1.1656	0.0003	1.225	0.002	-2.391	0.002	0.056	0.653	0.000030
.04362000	-1.1656	0.0003	1.230	0.002	-2.395	0.002	0.056	0.653	0.000030
.04365000	-1.1655	0.0003	1.226	0.002	-2.391	0.002	0.055	0.653	0.000030
.04368000	-1.1657	0.0003	1.223	0.002	-2.389	0.002	0.055	0.653	0.000030
.04371000	-1.1659	0.0003	1.223	0.002	-2.389	0.002	0.059	0.653	0.000030
.04374000	-1.1658	0.0003	1.221	0.002	-2.387	0.002	0.058	0.653	0.000030
.04377000	-1.1657	0.0003	1.226	0.002	-2.392	0.002	0.055	0.653	0.000030
.04380000	-1.1660	0.0003	1.219	0.002	-2.385	0.002	0.055	0.653	0.000030
.04383000	-1.1658	0.0003	1.220	0.002	-2.385	0.002	0.054	0.654	0.000030
.04386000	-1.1657	0.0003	1.225	0.002	-2.391	0.002	0.055	0.653	0.000030
.04389000	-1.1653	0.0003	1.224	0.002	-2.389	0.002	0.056	0.653	0.000030
.04392000	-1.1656	0.0003	1.222	0.002	-2.387	0.002	0.055	0.654	0.000030
.04395000	-1.1658	0.0003	1.225	0.002	-2.391	0.002	0.056	0.653	0.000030
.04398000	-1.1659	0.0003	1.224	0.002	-2.390	0.002	0.055	0.653	0.000030
.04401000	-1.1653	0.0003	1.225	0.002	-2.390	0.002	0.055	0.653	0.000030
.04404000	-1.1657	0.0003	1.224	0.002	-2.390	0.002	0.055	0.653	0.000030
.04407000	-1.1657	0.0003	1.225	0.002	-2.391	0.002	0.055	0.653	0.000030
.04410000	-1.1656	0.0003	1.222	0.002	-2.388	0.002	0.055	0.654	0.000030
.04413000	-1.1659	0.0003	1.224	0.002	-2.389	0.002	0.055	0.653	0.000030
.04416000	-1.1657	0.0003	1.227	0.002	-2.393	0.002	0.055	0.653	0.000030
.04419000	-1.1659	0.0003	1.222	0.002	-2.388	0.002	0.056	0.653	0.000030
.04422000	-1.1657	0.0003	1.223	0.002	-2.389	0.002	0.055	0.654	0.000030
.04425000	-1.1659	0.0003	1.224	0.002	-2.390	0.002	0.054	0.653	0.000030
.04428000	-1.1658	0.0003	1.223	0.002	-2.389	0.002	0.055	0.654	0.000030
.04431000	-1.1659	0.0003	1.223	0.002	-2.389	0.002	0.055	0.653	0.000030
.04434000	-1.1659	0.0003	1.225	0.002	-2.391	0.002	0.055	0.653	0.000030
.04437000	-1.1657	0.0003	1.222	0.002	-2.388	0.002	0.054	0.653	0.000030
.04440000	-1.1660	0.0003	1.219	0.002	-2.385	0.002	0.055	0.653	0.000030
.04443000	-1.1658	0.0003	1.221	0.002	-2.387	0.002	0.054	0.653	0.000030
.04446000	-1.1657	0.0003	1.223	0.002	-2.389	0.002	0.054	0.654	0.000030
.04449000	-1.1659	0.0003	1.221	0.002	-2.387	0.002	0.055	0.653	0.000030
.04452000	-1.1658	0.0003	1.222	0.002	-2.388	0.002	0.053	0.654	0.000030
.04455000	-1.1659	0.0003	1.221	0.002	-2.387	0.002	0.054	0.654	0.000030
.04458000	-1.1660	0.0003	1.225	0.002	-2.391	0.002	0.053	0.653	0.000030
.04461000	-1.1660	0.0003	1.224	0.002	-2.390	0.002	0.055	0.653	0.000030
.04464000	-1.1659	0.0003	1.223	0.002	-2.389	0.002	0.055	0.654	0.000030
.04467000	-1.1659	0.0003	1.227	0.002	-2.393	0.002	0.054	0.653	0.000030
.04470000	-1.1658	0.0003	1.225	0.002	-2.391	0.002	0.054	0.654	0.000030
.04473000	-1.1658	0.0003	1.222	0.002	-2.388	0.002	0.054	0.653	0.000030
.04476000	-1.1659	0.0003	1.224	0.002	-2.390	0.002	0.055	0.653	0.000030
.04479000	-1.1659	0.0003	1.224	0.002	-2.390	0.002	0.053	0.654	0.000030
.04482000	-1.1660	0.0003	1.223	0.002	-2.389	0.002	0.056	0.653	0.000030
.04485000	-1.1661	0.0003	1.223	0.002	-2.389	0.002	0.053	0.653	0.000030
.04488000	-1.1662	0.0003	1.224	0.002	-2.390	0.002	0.054	0.653	0.000030
.04491000	-1.1662	0.0003	1.220	0.002	-2.386	0.002	0.053	0.654	0.000030
.04494000	-1.1660	0.0003	1.225	0.002	-2.391	0.002	0.053	0.653	0.000030
.04497000	-1.1662	0.0003	1.223	0.002	-2.389	0.002	0.053	0.653	0.000030
.04500000	-1.1663	0.0003	1.217	0.002	-2.383	0.002	0.052	0.654	0.000030
.04503000	-1.1660	0.0003	1.223	0.002	-2.389	0.002	0.053	0.653	0.000030
.04506000	-1.1662	0.0003	1.221	0.002	-2.387	0.002	0.055	0.654	0.000030
.04509000	-1.1663	0.0003	1.219	0.002	-2.385	0.002	0.052	0.654	0.000030
.04512000	-1.1660	0.0003	1.224	0.002	-2.390	0.002	0.054	0.653	0.000030
.04515000	-1.1664	0.0003	1.222	0.003	-2.389	0.003	0.054	0.654	0.000030
.04518000	-1.1662	0.0003	1.221	0.002	-2.387	0.002	0.052	0.654	0.000030
.04521000	-1.1663	0.0003	1.221	0.002	-2.388	0.002	0.052	0.654	0.000030
.04524000	-1.1660	0.0003	1.220	0.002	-2.386	0.002	0.056	0.654	0.000030
.04527000	-1.1664	0.0003	1.219	0.002	-2.385	0.002	0.053	0.654	0.000030
.04530000	-1.1659	0.0003	1.225	0.002	-2.391	0.002	0.060	0.653	0.000030
.04533000	-1.1663	0.0003	1.220	0.002	-2.386	0.002	0.053	0.654	0.000030
.04536000	-1.1663	0.0003	1.220	0.002	-2.387	0.002	0.054	0.654	0.000030
.04539000	-1.1660	0.0003	1.229	0.002	-2.395	0.002	0.052	0.653	0.000030
.04542000	-1.1663	0.0003	1.219	0.002	-2.385	0.002	0.055	0.654	0.000030
.04545000	-1.1660	0.0003	1.220	0.002	-2.386	0.002	0.052	0.654	0.000030
.04548000	-1.1661	0.0003	1.223	0.002	-2.389	0.002	0.052	0.653	0.000030
.04551000	-1.1662	0.0003	1.221	0.002	-2.387	0.002	0.053	0.654	0.000030
.04554000	-1.1664	0.0003	1.221	0.002	-2.387	0.002	0.053	0.654	0.000030
.04557000	-1.1662	0.0003	1.220	0.002	-2.387	0.002	0.053	0.653	0.000030
.04560000	-1.1664	0.0003	1.214	0.002	-2.380	0.002	0.054	0.654	0.000030
.04563000	-1.1662	0.0003	1.219	0.002	-2.385	0.002	0.053	0.654	0.000030
.04566000	-1.1663	0.0003	1.222	0.002	-2.389	0.002	0.055	0.653	0.000030
.04569000	-1.1662	0.0003	1.219	0.002	-2.385	0.002	0.052	0.654	0.000030
.04572000	-1.1664	0.0003	1.221	0.002	-2.388	0.002	0.053	0.653	0.000030
.04575000	-1.1664	0.0003	1.224	0.002	-2.390	0.002	0.052	0.653	0.000030
.04578000	-1.1662	0.0003	1.218	0.002	-2.384	0.002	0.052	0.654	0.000030
.04581000	-1.1661	0.0003	1.222	0.002	-2.388	0.002	0.051	0.654	0.000030
.04584000	-1.1663	0.0003	1.220	0.002	-2.386	0.002	0.052	0.654	0.000030
.04587000	-1.1664	0.0003	1.218	0.002	-2.384	0.002	0.053	0.654	0.000030
.04590000	-1.1665	0.0003	1.219	0.002	-2.385	0.002	0.052	0.654	0.000030
.04593000	-1.1664	0.0003	1.219	0.002	-2.385	0.002	0.052	0.654	0.000030
.04596000	-1.1662	0.0003	1.221	0.002	-2.387	0.002	0.056	0.654	0.000030
.04599000	-1.1665	0.0003	1.223	0.002	-2.389	0.002	0.051	0.653	0.000030
.04602000	-1.1661	0.0003	1.219	0.002	-2.385	0.002	0.052	0.654	0.000030
.04605000	-1.1665	0.0003	1.218	0.002	-2.385	0.002	0.052	0.654	0.000030
.04608000	-1.1663	0.0003	1.222	0.002	-2.389	0.002	0.052	0.654	0.000030
.04611000	-1.1665	0.0003	1.218	0.002	-2.384	0.002	0.053	0.654	0.000030
.04614000	-1.1663	0.0003	1.219	0.002	-2.385	0.002	0.051	0.654	0.000030
.04617000	-1.1663	0.0003	1.224	0.002	-2.390	0.002	0.052	0.654	0.000030
.04620000	-1.1669	0.0003	1.217	0.002	-2.383	0.002	0.053	0.654	0.000030
.04623000	-1.1663	0.0003	1.221	0.002	-2.388	0.002	0.054	0.654	0.000030
.04626000	-1.1664	0.0003	1.222	0.002	-2.389	0.002	0.051	0.654	0.000030
.04629000	-1.1664	0.0003	1.222	0.002	-2.388	0.002	0.053	0.654	0.000030
.04632000	-1.1663	0.0003	1.221	0.002	-2.388	0.002	0.051	0.654	0.000030
.04635000	-1.1665	0.0003	1.219	0.002	-2.386	0.002	0.053	0.654	0.000030
.04638000	-1.1665	0.0003	1.219	0.002	-2.385	0.002	0.051	0.654	0.000030
.04641000	-1.1666	0.0003	1.219	0.002	-2.386	0.002	0.050	0.654	0.000030
.04644000	-1.1666	0.0003	1.219	0.002	-2.385	0.002	0.051	0.654	0.000030
.04647000	-1.1661	0.0003	1.220	0.002	-2.386	0.002	0.050	0.654	0.000030
.04650000	-1.1667	0.0003	1.222	0.002	-2.388	0.002	0.052	0.654	0.000030
.04653000	-1.1665	0.0003	1.217	0.002	-2.383	0.002	0.051	0.654	0.000030
.04656000	-1.1666	0.0003	1.221	0.002	-2.388	0.002	0.056	0.654	0.000030
.04659000	-1.1666	0.0003	1.220	0.002	-2.387	0.002	0.051	0.654	0.000030
.04662000	-1.1663	0.0003	1.219	0.002	-2.385	0.002	0.052	0.654	0.000030
.04665000	-1.1663	0.0003	1.218	0.002	-2.384	0.002	0.051	0.654	0.000030
.04668000	-1.1665	0.0003	1.220	0.002	-2.386	0.002	0.051	0.654	0.000030
.04671000	-1.1663	0.0003	1.219	0.002	-2.385	0.002	0.051	0.654	0.000030
.04674000	-1.1664	0.0003	1.222	0.002	-2.388	0.002	0.053	0.654	0.000030
.04677000	-1.1665	0.0003	1.216	0.002	-2.383	0.002	0.051	0.654	0.000030
.04680000	-1.1669	0.0003	1.216	0.002	-2.383	0.002	0.050	0.654	0.000030
.04683000	-1.1665	0.0003	1.220	0.002	-2.387	0.002	0.050	0.654	0.000030
.04686000	-1.1666	0.0003	1.219	0.002	-2.386	0.002	0.051	0.654	0.000030
.04689000	-1.1665	0.0003	1.220	0.002	-2.387	0.002	0.050	0.654	0.000030
.04692000	-1.1664	0.0003	1.218	0.002	-2.385	0.002	0.050	0.654	0.000030
.04695000	-1.1666	0.0003	1.219	0.002	-2.385	0.002	0.050	0.654	0.000030
.04698000	-1.1667	0.0003	1.220	0.002	-2.386	0.002	0.052	0.654	0.000030
.04701000	-1.1670	0.0003	1.216	0.002	-2.383	0.002	0.050	0.654	0.000030
.04704000	-1.1667	0.0003	1.220	0.002	-2.387	0.002	0.049	0.654	0.000030
.04707000	-1.1668	0.0003	1.216	0.002	-2.383	0.002	0.050	0.654	0.000030
.04710000	-1.1667	0.0003	1.219	0.002	-2.385	0.002	0.050	0.654	0.000030
.04713000	-1.1667	0.0003	1.218	0.002	-2.385	0.002	0.052	0.654	0.000030
.04716000	-1.1666	0.0003	1.219	0.002	-2.386	0.002	0.052	0.654	0.000030
.04719000	-1.1669	0.0003	1.218	0.002	-2.385	0.002	0.052	0.654	0.000030
.04722000	-1.1670	0.0003	1.219	0.002	-2.386	0.002	0.050	0.654	0.000030
.04725000	-1.1666	0.0003	1.218	0.002	-2.385	0.002	0.050	0.654	0.000030
.04728000	-1.1668	0.0003	1.216	0.002	-2.383	0.002	0.051	0.654	0.000030
.04731000	-1.1666	0.0003	1.219	0.002	-2.386	0.002	0.050	0.654	0.000030
.04734000	-1.1669	0.0003	1.220	0.002	-2.387	0.002	0.049	0.654	0.000030
.04737000	-1.1667	0.0003	1.218	0.002	-2.384	0.002	0.050	0.654	0.000030
.04740000	-1.1668	0.0003	1.216	0.002	-2.383	0.002	0.051	0.654	0.000030
.04743000	-1.1669	0.0003	1.217	0.002	-2.384	0.002	0.051	0.654	0.000030
.04746000	-1.1670	0.0003	1.217	0.002	-2.384	0.002	0.050	0.654	0.000030
.04749000	-1.1668	0.0003	1.217	0.002	-2.383	0.002	0.049	0.654	0.000030
.04752000	-1.1668	0.0003	1.214	0.002	-2.381	0.002	0.051	0.654	0.000030
.04755000	-1.1671	0.0003	1.221	0.003	-2.388	0.003	0.054	0.654	0.000030
.04758000	-1.1668	0.0003	1.221	0.002	-2.387	0.002	0.049	0.654	0.000030
.04761000	-1.1669	0.0003	1.217	0.002	-2.384	0.002	0.051	0.654	0.000030
.04764000	-1.1671	0.0003	1.220	0.002	-2.387	0.002	0.050	0.654	0.000030
.04767000	-1.1667	0.0003	1.213	0.002	-2.380	0.002	0.052	0.654	0.000030
.04770000	-1.1670	0.0003	1.215	0.002	-2.382	0.002	0.050	0.654	0.000030
.04773000	-1.1669	0.0003	1.216	0.002	-2.383	0.002	0.049	0.654	0.000030
.04776000	-1.1669	0.0003	1.217	0.002	-2.384	0.002	0.051	0.654	0.000030
.04779000	-1.1668	0.0003	1.220	0.002	-2.386	0.002	0.053	0.654	0.000030
.04782000	-1.1669	0.0003	1.217	0.002	-2.384	0.002	0.050	0.654	0.000030
.04785000	-1.1667	0.0003	1.219	0.002	-2.385	0.002	0.049	0.654	0.000030
.04788000	-1.1667	0.0003	1.219	0.002	-2.385	0.002	0.050	0.654	0.000030
.04791000	-1.1669	0.0003	1.214	0.002	-2.381	0.002	0.049	0.654	0.000030
.04794000	-1.1670	0.0003	1.217	0.002	-2.384	0.002	0.049	0.654	0.000030
.04797000	-1.1667	0.0003	1.219	0.002	-2.385	0.002	0.049	0.654	0.000030
.04800000	-1.1669	0.0003	1.216	0.002	-2.383	0.002	0.049	0.654	0.000030
.04803000	-1.1673	0.0003	1.214	0.002	-2.381	0.002	0.048	0.654	0.000030
.04806000	-1.1669	0.0003	1.218	0.002	-2.385	0.002	0.050	0.654	0.000030
.04809000	-1.1668	0.0003	1.216	0.002	-2.383	0.002	0.050	0.654	0.000030
.04812000	-1.1670	0.0003	1.217	0.002	-2.384	0.002	0.049	0.654	0.000030
.04815000	-1.1667	0.0003	1.219	0.002	-2.386	0.002	0.049	0.654	0.000030
.04818000	-1.1671	0.0003	1.215	0.002	-2.382	0.002	0.050	0.655	0.000030
.04821000	-1.1670	0.0003	1.218	0.002	-2.385	0.002	0.047	0.653	0.000030
.04824000	-1.1670	0.0003	1.214	0.002	-2.381	0.002	0.050	0.655	0.000030
.04827000	-1.1669	0.0003	1.219	0.002	-2.386	0.002	0.048	0.654	0.000030
.04830000	-1.1670	0.0003	1.214	0.002	-2.381	0.002	0.051	0.655	0.000030
.04833000	-1.1669	0.0003	1.216	0.002	-2.383	0.002	0.048	0.654	0.000030
.04836000	-1.1671	0.0003	1.218	0.002	-2.386	0.002	0.048	0.654	0.000030
.04839000	-1.1672	0.0003	1.214	0.002	-2.381	0.002	0.049	0.654	0.000030
.04842000	-1.1668	0.0003	1.219	0.002	-2.386	0.002	0.048	0.654	0.000030
.04845000	-1.1670	0.0003	1.217	0.002	-2.384	0.002	0.049	0.654	0.000030
.04848000	-1.1670	0.0003	1.216	0.002	-2.383	0.002	0.049	0.654	0.000030
.04851000	-1.1671	0.0003	1.218	0.002	-2.385	0.002	0.048	0.654	0.000030
.04854000	-1.1671	0.0003	1.215	0.002	-2.382	0.002	0.052	0.655	0.000030
.04857000	-1.1671	0.0003	1.218	0.002	-2.385	0.002	0.051	0.654	0.000030
.04860000	-1.1671	0.0003	1.210	0.002	-2.377	0.002	0.048	0.655	0.000030
.04863000	-1.1670	0.0003	1.218	0.002	-2.385	0.002	0.049	0.654	0.000030
.04866000	-1.1671	0.0003	1.212	0.002	-2.379	0.002	0.048	0.654	0.000030
.04869000	-1.1673	0.0003	1.214	0.002	-2.381	0.002	0.048	0.655	0.000030
.04872000	-1.1670	0.0003	1.218	0.002	-2.385	0.002	0.048	0.654	0.000030
.04875000	-1.1668	0.0003	1.211	0.002	-2.378	0.002	0.049	0.655	0.000030
.04878000	-1.1670	0.0003	1.221	0.002	-2.388	0.002	0.047	0.654	0.000030
.04881000	-1.1671	0.0003	1.212	0.002	-2.379	0.002	0.049	0.655	0.000030
.04884000	-1.1671	0.0003	1.216	0.002	-2.384	0.002	0.048	0.654	0.000030
.04887000	-1.1673	0.0003	1.217	0.002	-2.385	0.002	0.048	0.654	0.000030
.04890000	-1.1671	0.0003	1.215	0.002	-2.382	0.002	0.048	0.654	0.000030
.04893000	-1.1672	0.0003	1.221	0.002	-2.388	0.002	0.048	0.654	0.000030
.04896000	-1.1670	0.0003	1.214	0.002	-2.381	0.002	0.049	0.655	0.000030
.04899000	-1.1674	0.0003	1.220	0.002	-2.387	0.002	0.048	0.654	0.000030
.04902000	-1.1670	0.0003	1.213	0.002	-2.380	0.002	0.048	0.655	0.000030
.04905000	-1.1671	0.0003	1.222	0.002	-2.389	0.002	0.047	0.654	0.000030
.04908000	-1.1669	0.0003	1.216	0.002	-2.383	0.002	0.051	0.655	0.000030
.04911000	-1.1674	0.0003	1.215	0.002	-2.383	0.002	0.047	0.654	0.000030
.04914000	-1.1672	0.0003	1.216	0.002	-2.384	0.002	0.047	0.654	0.000030
.04917000	-1.1673	0.0003	1.211	0.002	-2.378	0.002	0.047	0.655	0.000030
.04920000	-1.1674	0.0003	1.217	0.002	-2.384	0.002	0.048	0.654	0.000030
.04923000	-1.1672	0.0003	1.210	0.002	-2.377	0.002	0.047	0.655	0.000030
.04926000	-1.1671	0.0003	1.217	0.002	-2.384	0.002	0.047	0.654	0.000030
.04929000	-1.1671	0.0003	1.212	0.002	-2.379	0.002	0.048	0.655	0.000030
.04932000	-1.1671	0.0003	1.218	0.002	-2.385	0.002	0.047	0.654	0.000030
.04935000	-1.1672	0.0003	1.212	0.002	-2.379	0.002	0.048	0.655	0.000030
.04938000	-1.1671	0.0003	1.221	0.002	-2.388	0.002	0.046	0.654	0.000030
.04941000	-1.1672	0.0003	1.212	0.002	-2.379	0.002	0.048	0.655	0.000030
.04944000	-1.1674	0.0003	1.221	0.002	-2.389	0.002	0.049	0.654	0.000030
.04947000	-1.1673	0.0003	1.212	0.002	-2.379	0.002	0.048	0.655	0.000030
.04950000	-1.1673	0.0003	1.219	0.002	-2.386	0.002	0.047	0.654	0.000030
.04953000	-1.1672	0.0003	1.215	0.002	-2.382	0.002	0.048	0.655	0.000030
.04956000	-1.1675	0.0003	1.218	0.002	-2.385	0.002	0.047	0.654	0.000030
.04959000	-1.1673	0.0003	1.213	0.002	-2.381	0.002	0.046	0.654	0.000030
.04962000	-1.1675	0.0003	1.219	0.002	-2.387	0.002	0.047	0.654	0.000030
.04965000	-1.1674	0.0003	1.216	0.002	-2.383	0.002	0.048	0.654	0.000030
.04968000	-1.1674	0.0003	1.215	0.002	-2.382	0.002	0.047	0.654	0.000030
.04971000	-1.1674	0.0003	1.218	0.002	-2.386	0.002	0.047	0.654	0.000030
.04974000	-1.1676	0.0003	1.207	0.002	-2.375	0.002	0.047	0.655	0.000030
.04977000	-1.1672	0.0003	1.221	0.002	-2.388	0.002	0.046	0.654	0.000030
.04980000	-1.1676	0.0003	1.202	0.002	-2.369	0.002	0.048	0.655	0.000030
.04983000	-1.1674	0.0003	1.223	0.002	-2.390	0.002	0.046	0.654	0.000030
.04986000	-1.1673	0.0003	1.209	0.002	-2.376	0.002	0.048	0.655	0.000030
.04989000	-1.1674	0.0003	1.219	0.002	-2.387	0.002	0.046	0.654	0.000030
.04992000	-1.1678	0.0003	1.211	0.002	-2.379	0.002	0.047	0.655	0.000030
.04995000	-1.1674	0.0003	1.216	0.002	-2.383	0.002	0.048	0.654	0.000030
.04998000	-1.1674	0.0003	1.216	0.002	-2.384	0.002	0.047	0.654	0.000030
.05001000	-1.1676	0.0003	1.214	0.002	-2.382	0.002	0.046	0.654	0.000030
.05004000	-1.1674	0.0003	1.217	0.002	-2.385	0.002	0.046	0.654	0.000030
.05007000	-1.1677	0.0003	1.211	0.002	-2.379	0.002	0.047	0.655	0.000030
.05010000	-1.1675	0.0003	1.217	0.002	-2.384	0.002	0.046	0.654	0.000030
.05013000	-1.1675	0.0003	1.209	0.002	-2.376	0.002	0.047	0.655	0.000030
.05016000	-1.1674	0.0003	1.220	0.002	-2.388	0.002	0.046	0.653	0.000030
.05019000	-1.1675	0.0003	1.207	0.002	-2.374	0.002	0.047	0.655	0.000030
.05022000	-1.1675	0.0003	1.220	0.002	-2.387	0.002	0.046	0.653	0.000030
.05025000	-1.1676	0.0003	1.208	0.002	-2.375	0.002	0.049	0.655	0.000030
.05028000	-1.1673	0.0003	1.218	0.002	-2.385	0.002	0.045	0.654	0.000030
.05031000	-1.1676	0.0003	1.208	0.002	-2.375	0.002	0.047	0.655	0.000030
.05034000	-1.1675	0.0003	1.219	0.002	-2.386	0.002	0.047	0.654	0.000030
.05037000	-1.1674	0.0003	1.211	0.002	-2.379	0.002	0.047	0.655	0.000030
.05040000	-1.1677	0.0003	1.213	0.002	-2.381	0.002	0.045	0.654	0.000030
.05043000	-1.1675	0.0003	1.212	0.002	-2.380	0.002	0.045	0.655	0.000030
.05046000	-1.1676	0.0003	1.213	0.002	-2.381	0.002	0.046	0.654	0.000030
.05049000	-1.1676	0.0003	1.211	0.002	-2.378	0.002	0.046	0.655	0.000030
.05052000	-1.1673	0.0003	1.216	0.002	-2.383	0.002	0.046	0.654	0.000030
.05055000	-1.1674	0.0003	1.210	0.002	-2.378	0.002	0.047	0.655	0.000030
.05058000	-1.1676	0.0003	1.218	0.002	-2.385	0.002	0.045	0.654	0.000030
.05061000	-1.1676	0.0003	1.209	0.002	-2.376	0.002	0.047	0.655	0.000030
.05064000	-1.1674	0.0003	1.220	0.002	-2.388	0.002	0.044	0.654	0.000030
.05067000	-1.1675	0.0003	1.203	0.002	-2.371	0.002	0.048	0.656	0.000030
.05070000	-1.1675	0.0003	1.221	0.002	-2.388	0.002	0.045	0.654	0.000030
.05073000	-1.1676	0.0003	1.206	0.002	-2.373	0.002	0.046	0.655	0.000030
.05076000	-1.1675	0.0003	1.219	0.002	-2.386	0.002	0.047	0.654	0.000030
.05079000	-1.1676	0.0003	1.208	0.002	-2.376	0.002	0.046	0.655	0.000030
.05082000	-1.1676	0.0003	1.219	0.002	-2.387	0.002	0.045	0.653	0.000030
.05085000	-1.1673	0.0003	1.203	0.002	-2.371	0.002	0.046	0.656	0.000030
.05088000	-1.1673	0.0003	1.223	0.002	-2.390	0.002	0.045	0.653	0.000030
.05091000	-1.1676	0.0003	1.205	0.002	-2.373	0.002	0.045	0.655	0.000030
.05094000	-1.1675	0.0003	1.213	0.002	-2.381	0.002	0.045	0.655	0.000030
.05097000	-1.1679	0.0003	1.214	0.002	-2.382	0.002	0.045	0.654	0.000030
.05100000	-1.1679	0.0003	1.199	0.002	-2.367	0.002	0.049	0.656	0.000030
.05103000	-1.1674	0.0003	1.225	0.002	-2.392	0.002	0.045	0.653	0.000030
.05106000	-1.1676	0.0003	1.210	0.002	-2.378	0.002	0.046	0.655	0.000030
.05109000	-1.1678	0.0003	1.210	0.002	-2.378	0.002	0.046	0.655	0.000030
.05112000	-1.1676	0.0003	1.220	0.002	-2.388	0.002	0.043	0.654	0.000030
.05115000	-1.1677	0.0003	1.202	0.002	-2.370	0.002	0.047	0.656	0.000030
.05118000	-1.1678	0.0003	1.216	0.002	-2.384	0.002	0.043	0.654	0.000030
.05121000	-1.1677	0.0003	1.216	0.002	-2.383	0.002	0.044	0.654	0.000030
.05124000	-1.1675	0.0003	1.205	0.002	-2.372	0.002	0.046	0.656	0.000030
.05127000	-1.1677	0.0003	1.219	0.002	-2.387	0.002	0.044	0.653	0.000030
.05130000	-1.1677	0.0003	1.208	0.002	-2.375	0.002	0.044	0.655	0.000030
.05133000	-1.1679	0.0003	1.211	0.002	-2.379	0.002	0.046	0.655	0.000030
.05136000	-1.1678	0.0003	1.218	0.002	-2.386	0.002	0.044	0.654	0.000030
.05139000	-1.1677	0.0003	1.207	0.002	-2.375	0.002	0.046	0.656	0.000030
.05142000	-1.1677	0.0003	1.225	0.002	-2.393	0.002	0.044	0.653	0.000030
.05145000	-1.1677	0.0003	1.211	0.002	-2.379	0.002	0.045	0.655	0.000030
.05148000	-1.1675	0.0003	1.210	0.002	-2.378	0.002	0.045	0.655	0.000030
.05151000	-1.1676	0.0003	1.223	0.002	-2.390	0.002	0.043	0.653	0.000030
.05154000	-1.1677	0.0003	1.204	0.002	-2.372	0.002	0.046	0.656	0.000030
.05157000	-1.1678	0.0003	1.215	0.002	-2.383	0.002	0.043	0.654	0.000030
.05160000	-1.1677	0.0002	1.207	0.002	-2.375	0.002	0.045	0.655	0.000030
.05163000	-1.1678	0.0002	1.211	0.002	-2.379	0.002	0.045	0.655	0.000030
.05166000	-1.1678	0.0002	1.215	0.002	-2.383	0.002	0.044	0.654	0.000030
.05169000	-1.1678	0.0002	1.208	0.002	-2.376	0.002	0.047	0.655	0.000030
.05172000	-1.1676	0.0002	1.221	0.002	-2.389	0.002	0.043	0.653	0.000030
.05175000	-1.1675	0.0002	1.201	0.002	-2.368	0.002	0.045	0.656	0.000030
.05178000	-1.1678	0.0002	1.218	0.002	-2.386	0.002	0.044	0.654	0.000030
.05181000	-1.1679	0.0002	1.209	0.002	-2.377	0.002	0.044	0.655	0.000030
.05184000	-1.1678	0.0002	1.211	0.002	-2.379	0.002	0.045	0.655	0.000030
.05187000	-1.1679	0.0002	1.215	0.002	-2.383	0.002	0.044	0.654	0.000030
.05190000	-1.1678	0.0002	1.206	0.002	-2.374	0.002	0.046	0.656	0.000030
.05193000	-1.1676	0.0002	1.225	0.002	-2.392	0.002	0.044	0.653	0.000030
.05196000	-1.1678	0.0002	1.209	0.002	-2.377	0.002	0.044	0.655	0.000030
.05199000	-1.1681	0.0002	1.208	0.002	-2.376	0.002	0.044	0.655	0.000030
.05202000	-1.1678	0.0002	1.219	0.002	-2.387	0.002	0.043	0.653	0.000030
.05205000	-1.1679	0.0002	1.202	0.002	-2.369	0.002	0.046	0.656	0.000030
.05208000	-1.1679	0.0002	1.213	0.002	-2.381	0.002	0.043	0.654	0.000030
.05211000	-1.1679	0.0002	1.213	0.002	-2.381	0.002	0.043	0.654	0.000030
.05214000	-1.1679	0.0002	1.205	0.002	-2.373	0.002	0.045	0.656	0.000030
.05217000	-1.1678	0.0002	1.226	0.002	-2.394	0.002	0.044	0.653	0.000030
